0 0.776535 0.811930 0.056919 0.108346
0 0.904306 0.955595 0.063338 0.088679
0 0.411909 0.088682 0.017863 0.045312
0 0.661450 0.864652 0.051042 0.125844
0 0.474496 0.058925 0.015396 0.035853
0 0.531958 0.084032 0.019098 0.033065
0 0.555780 0.007065 0.014119 0.014129
0 0.418280 0.247733 0.023133 0.062396
0 0.435928 0.417310 0.027997 0.080289
0 0.527504 0.010517 0.020532 0.021034
0 0.444320 0.054894 0.021309 0.066047
0 0.471869 0.004030 0.014633 0.008061
0 0.697668 0.420685 0.148691 0.304963
0 0.513641 0.271986 0.065168 0.271734
0 0.473438 0.279861 0.060937 0.290278
