0 0.838464 0.857293 0.060451 0.113180
0 0.413026 0.172924 0.018944 0.047675
0 0.476662 0.128612 0.016006 0.035671
0 0.526392 0.106367 0.017039 0.029433
0 0.423448 0.348936 0.025526 0.070216
0 0.526442 0.026697 0.022685 0.052280
0 0.446551 0.547997 0.031946 0.089433
0 0.683791 0.978723 0.040143 0.042555
0 0.472829 0.053995 0.017051 0.039302
0 0.552311 0.026337 0.013725 0.023744
0 0.415672 0.051767 0.017301 0.039296
0 0.661380 0.385956 0.123156 0.256337
0 0.445911 0.137460 0.019850 0.042379
0 0.706641 0.680556 0.044531 0.086111
0 0.481641 0.386806 0.067969 0.304167
0 0.519141 0.356944 0.066406 0.291667
