0 0.782290 0.958596 0.056618 0.082808
0 0.628367 0.596809 0.032054 0.053214
0 0.553092 0.144627 0.010505 0.016178
0 0.428186 0.659520 0.025538 0.072740
0 0.552241 0.472194 0.022295 0.037589
0 0.493443 0.499591 0.021029 0.047002
0 0.590885 0.100569 0.011029 0.013207
0 0.609540 0.656456 0.034567 0.058547
0 0.421015 0.280055 0.013725 0.026274
0 0.473123 0.296569 0.014413 0.030272
0 0.568736 0.372199 0.048239 0.136490
0 0.499288 0.180226 0.011134 0.016118
0 0.554622 0.196730 0.010579 0.015533
0 0.478252 0.234654 0.011473 0.020871
0 0.587472 0.123593 0.010517 0.015355
0 0.520917 0.278356 0.012040 0.021942
0 0.449429 0.186621 0.015064 0.023159
0 0.511074 0.152609 0.010181 0.017895
0 0.542116 0.165910 0.009569 0.015818
0 0.480787 0.395913 0.020357 0.048019
0 0.555023 0.073484 0.033703 0.038028
0 0.493214 0.149501 0.011305 0.019249
0 0.527486 0.206579 0.019634 0.075796
0 0.568643 0.121585 0.013287 0.023688
0 0.485981 0.202618 0.013409 0.023699
0 0.524750 0.133248 0.012513 0.018771
0 0.465699 0.192105 0.016319 0.047302
0 0.416445 0.422247 0.025221 0.102363
0 0.540629 0.115711 0.015299 0.020824
0 0.564532 0.089327 0.015090 0.027552
0 0.455469 0.498611 0.026562 0.108333
0 0.445703 0.259028 0.022656 0.109722
