0 0.687758 0.646177 0.041065 0.069197
0 0.447888 0.701333 0.034323 0.093522
0 0.690245 0.779221 0.046763 0.083510
0 0.419600 0.447708 0.022123 0.060548
0 0.485144 0.345956 0.019456 0.042126
0 0.588209 0.493568 0.029440 0.050313
0 0.426801 0.140521 0.012802 0.023970
0 0.480138 0.116188 0.011213 0.021832
0 0.577934 0.029150 0.011091 0.016143
0 0.473604 0.170159 0.014380 0.029532
0 0.502154 0.064577 0.011064 0.015790
0 0.488126 0.086605 0.013023 0.024036
0 0.460014 0.056866 0.011079 0.019171
0 0.547614 0.047881 0.011053 0.015512
0 0.592958 0.348504 0.069255 0.170568
0 0.536095 0.071772 0.009751 0.016320
0 0.579538 0.063851 0.009464 0.013773
0 0.527974 0.021245 0.012373 0.019781
0 0.520473 0.200537 0.013013 0.025925
0 0.550169 0.121139 0.011864 0.019662
0 0.514140 0.037649 0.010639 0.017783
0 0.496844 0.035527 0.011643 0.018748
0 0.476590 0.256137 0.018525 0.042892
0 0.451638 0.363258 0.021569 0.046870
0 0.488685 0.020088 0.012120 0.014499
0 0.469681 0.071299 0.016238 0.041014
0 0.444512 0.169752 0.018646 0.029855
0 0.594700 0.006151 0.010445 0.011600
0 0.524570 0.120594 0.018717 0.083736
0 0.417022 0.260717 0.027238 0.089601
0 0.551562 0.648611 0.096875 0.352778
0 0.516016 0.714583 0.099219 0.415278
