0 0.461021 0.843410 0.038612 0.105372
0 0.654967 0.612945 0.035879 0.064414
0 0.473272 0.233172 0.013965 0.029507
0 0.567707 0.476316 0.024466 0.043905
0 0.423545 0.550231 0.023431 0.066027
0 0.583154 0.075922 0.011039 0.017245
0 0.423924 0.209966 0.012574 0.023890
0 0.644364 0.704171 0.039461 0.069835
0 0.539524 0.118617 0.008574 0.014483
0 0.488913 0.422018 0.018907 0.044627
0 0.551597 0.158440 0.010266 0.016780
0 0.500588 0.122955 0.010818 0.016809
0 0.479240 0.175109 0.011718 0.020347
0 0.579223 0.357364 0.058610 0.150395
0 0.455369 0.443769 0.021981 0.049573
0 0.550221 0.096822 0.011063 0.014746
0 0.512777 0.095844 0.010971 0.017796
0 0.520643 0.239362 0.012660 0.023531
0 0.494976 0.093221 0.011121 0.018397
0 0.587360 0.048669 0.010995 0.013616
0 0.565098 0.071773 0.013480 0.024476
0 0.487259 0.145305 0.013355 0.022896
0 0.467440 0.133234 0.018565 0.048912
0 0.526815 0.076713 0.012245 0.020003
0 0.525926 0.163504 0.019482 0.079364
0 0.584154 0.105152 0.007828 0.012876
0 0.478398 0.325166 0.019763 0.044987
0 0.455063 0.121457 0.013232 0.021701
0 0.415666 0.340036 0.023355 0.095112
0 0.482282 0.079911 0.012069 0.012358
0 0.443311 0.232397 0.020372 0.031041
0 0.524609 0.797917 0.103906 0.384722
0 0.578516 0.754167 0.085156 0.386111
