0 0.779097 0.763681 0.054508 0.095557
0 0.461204 0.691189 0.036761 0.101060
0 0.523072 0.133563 0.014708 0.027994
0 0.433342 0.008256 0.012677 0.016513
0 0.414536 0.260564 0.019790 0.050893
0 0.479063 0.200112 0.017911 0.038354
0 0.474664 0.045718 0.014033 0.028166
0 0.429695 0.456882 0.028143 0.076256
0 0.549749 0.055480 0.012430 0.021422
0 0.481589 0.003580 0.010465 0.007160
0 0.473809 0.120987 0.017957 0.040998
0 0.446925 0.211382 0.020149 0.040884
0 0.417014 0.107447 0.022708 0.077456
0 0.491381 0.492560 0.074542 0.343707
0 0.445617 0.044351 0.018593 0.032616
0 0.414901 0.126024 0.017677 0.041223
0 0.632812 0.359722 0.103125 0.211111
0 0.529297 0.452083 0.078906 0.318056
0 0.657031 0.597222 0.039062 0.072222
0 0.524609 0.043750 0.019531 0.087500
