0 0.728834 0.694825 0.047044 0.081140
0 0.616942 0.530505 0.034173 0.059479
0 0.751016 0.890551 0.055719 0.104454
0 0.482019 0.272179 0.018069 0.039772
0 0.480245 0.851284 0.042414 0.116362
0 0.416955 0.351957 0.020703 0.055278
0 0.437506 0.573060 0.030921 0.083212
0 0.473845 0.108076 0.013933 0.028921
0 0.521304 0.165479 0.013808 0.025797
0 0.475213 0.188251 0.018073 0.042055
0 0.609440 0.350463 0.084831 0.195473
0 0.430370 0.072160 0.011648 0.022483
0 0.489533 0.027545 0.012737 0.024660
0 0.549246 0.086902 0.011969 0.020017
0 0.574687 0.022718 0.009865 0.015226
0 0.480739 0.056992 0.011598 0.020061
0 0.503723 0.007554 0.011426 0.014731
0 0.448875 0.285916 0.021026 0.044549
0 0.445289 0.105131 0.018334 0.033813
0 0.533630 0.026522 0.010383 0.018101
0 0.524403 0.079939 0.019493 0.088383
0 0.416315 0.182548 0.023283 0.083100
0 0.414423 0.202344 0.018294 0.044300
0 0.544236 0.004185 0.010523 0.008371
0 0.470244 0.033826 0.008962 0.015431
0 0.451942 0.061505 0.029666 0.075495
0 0.416822 0.162678 0.021129 0.043667
0 0.501172 0.597917 0.077344 0.365278
0 0.538281 0.541667 0.092188 0.338889
