0 0.663343 0.823309 0.037006 0.065013
0 0.578836 0.598340 0.021572 0.036957
0 0.511305 0.753739 0.025566 0.058257
0 0.474663 0.411237 0.012108 0.022961
0 0.474021 0.489345 0.015453 0.034805
0 0.550738 0.615307 0.021514 0.037047
0 0.413403 0.498448 0.014914 0.031857
0 0.553255 0.440378 0.029821 0.100925
0 0.522648 0.395736 0.011431 0.021337
0 0.561513 0.285741 0.009971 0.014112
0 0.504712 0.318417 0.010127 0.016630
0 0.529187 0.515362 0.015159 0.029647
0 0.565532 0.314867 0.009164 0.011659
0 0.559539 0.248446 0.015366 0.028429
0 0.550103 0.302949 0.010594 0.014197
0 0.487435 0.313533 0.011332 0.018897
0 0.494076 0.346884 0.011251 0.017612
0 0.577886 0.266823 0.012041 0.020933
0 0.432259 0.384031 0.015231 0.028018
0 0.517559 0.297753 0.011850 0.018217
0 0.480903 0.373337 0.012993 0.025328
0 0.539088 0.237618 0.032935 0.040401
0 0.533111 0.337965 0.022444 0.066314
0 0.490488 0.615724 0.025002 0.056451
0 0.539329 0.271043 0.010228 0.014001
0 0.529914 0.242958 0.015637 0.028767
0 0.454859 0.331116 0.012890 0.024773
0 0.461087 0.356906 0.016271 0.034154
0 0.442418 0.489091 0.021089 0.038836
0 0.531328 0.279946 0.008755 0.015093
0 0.457587 0.377662 0.017459 0.024528
0 0.471875 0.776389 0.039062 0.133333
0 0.421094 0.693056 0.032813 0.133333
