0 0.695004 0.854708 0.041997 0.074310
0 0.443353 0.907254 0.033172 0.091470
0 0.505013 0.664523 0.023936 0.053255
0 0.591249 0.590194 0.024120 0.041483
0 0.564811 0.614102 0.024902 0.042447
0 0.415757 0.422844 0.014042 0.030939
0 0.473667 0.423590 0.014793 0.032911
0 0.496245 0.290496 0.010852 0.017445
0 0.559007 0.238323 0.010757 0.015314
0 0.475957 0.350888 0.011678 0.023145
0 0.534611 0.494166 0.017623 0.030825
0 0.489786 0.258313 0.011443 0.019290
0 0.522234 0.355485 0.011259 0.020826
0 0.520546 0.243952 0.011845 0.018804
0 0.547410 0.256593 0.010278 0.014913
0 0.557132 0.414070 0.034615 0.109732
0 0.482962 0.315453 0.012710 0.024410
0 0.507256 0.262681 0.010472 0.018569
0 0.561886 0.195371 0.015286 0.028460
0 0.561724 0.274582 0.009554 0.012309
0 0.438078 0.316944 0.015013 0.027112
0 0.545184 0.182951 0.032876 0.039566
0 0.486579 0.539685 0.022855 0.052448
0 0.531337 0.292746 0.021682 0.071209
0 0.444365 0.407407 0.023080 0.068329
0 0.533449 0.227855 0.008639 0.011775
0 0.574806 0.218656 0.013296 0.021329
0 0.595863 0.216395 0.007934 0.014229
0 0.465234 0.672917 0.041406 0.123611
0 0.458984 0.270139 0.010156 0.018056
0 0.469922 0.287500 0.030469 0.080556
0 0.419141 0.597222 0.030469 0.130556
