0 0.734066 0.901205 0.048009 0.084709
0 0.607298 0.589466 0.027393 0.045849
0 0.434414 0.777710 0.028996 0.081593
0 0.584100 0.626669 0.028977 0.050883
0 0.498384 0.580304 0.022994 0.050055
0 0.541781 0.479159 0.019773 0.034997
0 0.555996 0.191565 0.010404 0.015324
0 0.418012 0.350243 0.014074 0.028100
0 0.473000 0.359364 0.014805 0.031140
0 0.557677 0.234513 0.009075 0.014719
0 0.521303 0.316433 0.011571 0.021959
0 0.561677 0.390985 0.041373 0.121869
0 0.483457 0.467409 0.021342 0.050271
0 0.491422 0.203994 0.011106 0.020222
0 0.522253 0.189113 0.011747 0.018394
0 0.544390 0.210620 0.009938 0.016183
0 0.497652 0.235283 0.010882 0.016359
0 0.508835 0.207304 0.010448 0.019409
0 0.592150 0.170379 0.009700 0.013932
0 0.476921 0.293000 0.011358 0.021575
0 0.594994 0.148784 0.010210 0.012028
0 0.484442 0.259291 0.013496 0.024278
0 0.550199 0.127943 0.033146 0.039954
0 0.562751 0.142969 0.014907 0.028300
0 0.464502 0.249073 0.017891 0.050465
0 0.571307 0.169727 0.013354 0.022870
0 0.443637 0.251293 0.014839 0.025017
0 0.528772 0.249247 0.020049 0.074050
0 0.417810 0.507050 0.026591 0.113575
0 0.444665 0.343682 0.022592 0.066290
0 0.541798 0.167277 0.009807 0.016363
0 0.535432 0.173208 0.009709 0.014243
0 0.467546 0.205301 0.010221 0.013676
0 0.459375 0.586111 0.035937 0.105556
