0 0.616256 0.797625 0.029109 0.049553
0 0.561813 0.632664 0.018045 0.030045
0 0.476047 0.625373 0.017454 0.038922
0 0.410902 0.660267 0.017032 0.037714
0 0.472798 0.531868 0.012597 0.024444
0 0.533875 0.645794 0.016934 0.032817
0 0.523098 0.571964 0.013657 0.026913
0 0.567507 0.380322 0.010299 0.014392
0 0.490357 0.459097 0.011643 0.018386
0 0.477374 0.488941 0.013587 0.026715
0 0.482773 0.422731 0.011559 0.019755
0 0.555076 0.395704 0.009830 0.013553
0 0.422238 0.521774 0.016211 0.031534
0 0.524136 0.479894 0.011391 0.019513
0 0.512609 0.407007 0.012173 0.019351
0 0.500747 0.427032 0.009764 0.016971
0 0.529283 0.946723 0.030857 0.069806
0 0.434647 0.953032 0.036409 0.093355
0 0.548743 0.503175 0.023488 0.087142
0 0.441690 0.459640 0.013271 0.027407
0 0.527869 0.345814 0.032196 0.040073
0 0.500450 0.777388 0.028216 0.064735
0 0.526280 0.388824 0.009199 0.013582
0 0.536257 0.427809 0.022865 0.060916
0 0.443266 0.610574 0.024149 0.077926
0 0.574303 0.399218 0.009036 0.011883
0 0.538445 0.357545 0.009782 0.015558
0 0.688503 0.965138 0.058225 0.069725
0 0.455140 0.480935 0.019587 0.055332
0 0.556007 0.353422 0.015047 0.028915
0 0.584020 0.362791 0.012639 0.020341
0 0.504620 0.976432 0.015483 0.046706
0 0.721855 0.927141 0.055864 0.068321
0 0.537299 0.376845 0.009449 0.013754
