0 0.471747 0.916071 0.015697 0.034038
0 0.470375 0.852726 0.015997 0.035841
0 0.573269 0.669979 0.009990 0.014118
0 0.532512 0.737749 0.009510 0.014998
0 0.556145 0.879615 0.015549 0.027785
0 0.523079 0.785046 0.010877 0.020637
0 0.546382 0.805773 0.011309 0.021557
0 0.587970 0.658426 0.009338 0.010016
0 0.463970 0.754355 0.013179 0.022264
0 0.479733 0.802703 0.012352 0.022526
0 0.558094 0.722009 0.020542 0.058911
0 0.486445 0.755590 0.011482 0.023346
0 0.521232 0.826902 0.011425 0.024065
0 0.518076 0.673920 0.010015 0.013781
0 0.411466 0.878125 0.017901 0.047250
0 0.565072 0.627431 0.010994 0.011993
0 0.499384 0.727169 0.012953 0.022533
0 0.527149 0.684363 0.010202 0.014885
0 0.511018 0.705955 0.010206 0.013714
0 0.526413 0.654804 0.010054 0.012270
0 0.544705 0.659134 0.016080 0.029311
0 0.404984 0.983163 0.022997 0.033674
0 0.546256 0.705249 0.016745 0.032496
0 0.496922 0.664934 0.031700 0.042691
0 0.449826 0.817122 0.033225 0.112681
0 0.549504 0.694784 0.023920 0.052723
0 0.582812 0.955556 0.060937 0.080556
0 0.607031 0.921528 0.057813 0.131944
