0 0.637344 0.805273 0.032174 0.055418
0 0.520044 0.847192 0.028756 0.065024
0 0.474977 0.556463 0.016022 0.036760
0 0.552461 0.348545 0.009616 0.015029
0 0.564823 0.333463 0.010811 0.013852
0 0.479273 0.430766 0.013544 0.025710
0 0.485165 0.368312 0.011090 0.018928
0 0.525453 0.541234 0.015280 0.027609
0 0.411934 0.577815 0.016095 0.035297
0 0.729692 0.982702 0.068996 0.034126
0 0.569490 0.612971 0.019615 0.033771
0 0.541396 0.627180 0.019418 0.035379
0 0.550612 0.470789 0.026332 0.092394
0 0.523643 0.437314 0.011345 0.020770
0 0.514962 0.353531 0.012602 0.018388
0 0.426882 0.451870 0.016604 0.029637
0 0.558157 0.301657 0.015107 0.028356
0 0.492961 0.402712 0.011630 0.018202
0 0.503072 0.371921 0.010426 0.017749
0 0.447644 0.395618 0.012082 0.023467
0 0.473829 0.471090 0.011793 0.024919
0 0.529064 0.335180 0.008841 0.011419
0 0.569925 0.356427 0.009113 0.012739
0 0.533785 0.291845 0.033292 0.040817
0 0.494893 0.694801 0.026134 0.061093
0 0.772822 0.969861 0.066096 0.059706
0 0.581031 0.315093 0.012490 0.019333
0 0.534915 0.383116 0.023324 0.063175
0 0.427119 0.836893 0.030443 0.088321
0 0.444834 0.514245 0.026863 0.126341
0 0.538673 0.324585 0.009656 0.011636
0 0.456199 0.433409 0.017498 0.030624
0 0.479687 0.880556 0.045312 0.147222
