0 0.487346 0.933082 0.023126 0.051807
0 0.548607 0.745398 0.012338 0.022968
0 0.470375 0.786064 0.014829 0.030808
0 0.566548 0.837529 0.019061 0.031753
0 0.567075 0.583055 0.009648 0.013578
0 0.529227 0.655505 0.009789 0.017058
0 0.470325 0.645979 0.011834 0.023448
0 0.408732 0.825949 0.020523 0.047962
0 0.471542 0.732229 0.014965 0.031143
0 0.483033 0.690338 0.011963 0.020945
0 0.521955 0.761847 0.012631 0.026179
0 0.491545 0.648771 0.011488 0.022473
0 0.580829 0.570141 0.010079 0.012064
0 0.548808 0.562174 0.015431 0.028071
0 0.503370 0.625119 0.012867 0.020143
0 0.530767 0.586536 0.009967 0.014905
0 0.576305 0.530165 0.011676 0.011748
0 0.551629 0.649588 0.018673 0.068806
0 0.516053 0.605648 0.010193 0.012556
0 0.571458 0.995313 0.021484 0.009375
0 0.520947 0.713104 0.011445 0.021807
0 0.419834 0.733103 0.015981 0.039180
0 0.508156 0.561094 0.031520 0.036420
0 0.543199 0.611742 0.020707 0.053324
0 0.592235 0.932765 0.035703 0.072136
0 0.523751 0.573781 0.010654 0.014101
0 0.634200 0.922675 0.095393 0.154651
0 0.541027 0.621220 0.016053 0.033814
0 0.446875 0.870833 0.028125 0.186111
0 0.450391 0.698611 0.014844 0.102778
