0 0.585489 0.804915 0.022487 0.038396
0 0.471263 0.655805 0.013786 0.026587
0 0.552881 0.683577 0.014834 0.026377
0 0.525830 0.696431 0.014540 0.028716
0 0.473982 0.608643 0.013582 0.029462
0 0.487193 0.573508 0.011926 0.019885
0 0.480060 0.771337 0.019340 0.044559
0 0.476757 0.534327 0.012010 0.018656
0 0.412042 0.839991 0.019909 0.048185
0 0.526363 0.566325 0.010158 0.018554
0 0.496741 0.536548 0.010044 0.017749
0 0.508037 0.516170 0.012471 0.020580
0 0.430472 0.591767 0.015123 0.032846
0 0.560683 0.489034 0.010104 0.013302
0 0.574300 0.475282 0.010317 0.011661
0 0.521621 0.496424 0.009196 0.013201
0 0.520923 0.638514 0.011956 0.022791
0 0.548951 0.573433 0.017640 0.078156
0 0.515969 0.961061 0.034511 0.075700
0 0.540337 0.518540 0.023911 0.056223
0 0.414356 0.666247 0.018165 0.039731
0 0.552127 0.457240 0.016636 0.029745
0 0.583857 0.486472 0.008501 0.009910
0 0.517609 0.455357 0.033823 0.042890
0 0.531110 0.466177 0.010008 0.015204
0 0.590664 0.457893 0.012412 0.020043
0 0.534635 0.482152 0.008939 0.011874
0 0.653906 0.946528 0.087500 0.093056
0 0.692187 0.920139 0.120313 0.148611
0 0.454297 0.579861 0.019531 0.095833
0 0.446484 0.716667 0.027344 0.166667
