0 0.598957 0.797412 0.025408 0.044350
0 0.477638 0.696951 0.017768 0.041458
0 0.480032 0.477883 0.011753 0.019179
0 0.410852 0.746834 0.018477 0.042478
0 0.475337 0.547453 0.014237 0.028570
0 0.558181 0.442375 0.009610 0.013315
0 0.556911 0.656116 0.016290 0.028451
0 0.488617 0.515445 0.011287 0.018674
0 0.529021 0.668721 0.015736 0.031095
0 0.525189 0.522771 0.010673 0.019934
0 0.417824 0.592001 0.017469 0.036129
0 0.521555 0.603399 0.013111 0.024692
0 0.548758 0.536991 0.018850 0.081199
0 0.435716 0.525968 0.013853 0.026679
0 0.471858 0.593044 0.013158 0.026106
0 0.523796 0.442162 0.009541 0.013647
0 0.554130 0.404861 0.014974 0.030947
0 0.570989 0.426927 0.010155 0.013068
0 0.538339 0.472931 0.023732 0.059007
0 0.498858 0.481371 0.010556 0.017905
0 0.510699 0.460979 0.012740 0.021647
0 0.534602 0.411221 0.010171 0.015391
0 0.586955 0.410282 0.012232 0.019387
0 0.682446 0.892270 0.049163 0.062804
0 0.507269 0.866440 0.030906 0.071627
0 0.579258 0.441796 0.008126 0.010852
0 0.522607 0.400576 0.033610 0.042585
0 0.656018 0.951969 0.051097 0.094362
0 0.460014 0.511308 0.028845 0.067356
0 0.452496 0.553532 0.017985 0.032221
0 0.569023 0.398577 0.017726 0.033740
0 0.600779 0.370888 0.027193 0.029321
0 0.444531 0.647917 0.015625 0.143056
