0 0.574642 0.817943 0.020756 0.035014
0 0.483282 0.850701 0.020921 0.048107
0 0.563882 0.536186 0.008757 0.013785
0 0.470493 0.719802 0.014101 0.029065
0 0.484867 0.631973 0.011418 0.020473
0 0.473507 0.591032 0.011527 0.019918
0 0.527080 0.519936 0.011010 0.014555
0 0.527732 0.611307 0.009761 0.017498
0 0.577711 0.523064 0.010204 0.011786
0 0.550664 0.712731 0.013813 0.024591
0 0.413764 0.938983 0.021769 0.054097
0 0.472445 0.670271 0.014163 0.030657
0 0.411257 0.743892 0.018503 0.044101
0 0.505724 0.570300 0.012236 0.020343
0 0.424790 0.661937 0.015542 0.034386
0 0.493886 0.592541 0.011233 0.020263
0 0.587634 0.993788 0.024426 0.012424
0 0.523164 0.728404 0.013457 0.026750
0 0.520730 0.675723 0.012204 0.023442
0 0.549995 0.611124 0.019008 0.070461
0 0.512531 0.508080 0.032741 0.039499
0 0.518470 0.550766 0.009527 0.014308
0 0.533001 0.534321 0.011007 0.013338
0 0.588313 0.531118 0.007901 0.010355
0 0.542688 0.565491 0.023711 0.056925
0 0.550690 0.510589 0.014637 0.028228
0 0.659197 0.920278 0.111879 0.159445
0 0.608746 0.929603 0.041785 0.077490
0 0.580121 0.476615 0.008415 0.013287
0 0.541038 0.501562 0.009222 0.010312
0 0.592641 0.507000 0.009914 0.017781
0 0.502308 0.521103 0.015251 0.025776
0 0.445703 0.793056 0.025781 0.172222
0 0.452344 0.643750 0.014063 0.090278
