0 0.470852 0.850550 0.015583 0.032314
0 0.569846 0.628121 0.009867 0.011961
0 0.547090 0.776237 0.011984 0.022103
0 0.406533 0.909405 0.020410 0.052917
0 0.470914 0.793245 0.015581 0.033540
0 0.521970 0.749931 0.011238 0.021665
0 0.561008 0.858754 0.016942 0.029457
0 0.481373 0.747031 0.012508 0.021607
0 0.513273 0.657351 0.009566 0.014709
0 0.530581 0.697818 0.009550 0.016805
0 0.584545 0.615658 0.010109 0.012331
0 0.415201 0.804844 0.017180 0.042153
0 0.521616 0.795741 0.012276 0.024616
0 0.488863 0.703102 0.011465 0.021592
0 0.547073 0.611624 0.014928 0.029488
0 0.467212 0.702906 0.012352 0.020857
0 0.501026 0.677845 0.012036 0.021518
0 0.529305 0.637219 0.009945 0.012792
0 0.570097 0.580171 0.010687 0.012351
0 0.542436 0.664022 0.013777 0.031586
0 0.521207 0.625009 0.009498 0.014298
0 0.502500 0.615472 0.030788 0.042934
0 0.553184 0.699925 0.016593 0.035080
0 0.531670 0.606639 0.009360 0.010103
0 0.554916 0.685825 0.019773 0.063229
0 0.490723 0.632943 0.012995 0.021156
0 0.448696 0.922709 0.031107 0.153102
0 0.448047 0.759722 0.022656 0.108333
0 0.596484 0.952083 0.072656 0.084722
0 0.617969 0.916667 0.068750 0.138889
