0 0.532274 0.953268 0.010841 0.018438
0 0.543644 0.919022 0.009061 0.014954
0 0.487360 0.963317 0.013523 0.027283
0 0.554233 0.947190 0.010316 0.020140
0 0.525595 0.979788 0.010208 0.019719
0 0.514907 0.908356 0.010845 0.015809
0 0.499462 0.936116 0.010257 0.016255
0 0.499441 0.883401 0.010502 0.011563
0 0.537137 0.849223 0.012686 0.015357
0 0.524853 0.873037 0.009213 0.013904
0 0.591343 0.860836 0.009601 0.012087
0 0.588295 0.827022 0.037675 0.036813
0 0.504576 0.897094 0.010768 0.016396
0 0.534887 0.875632 0.015631 0.031100
0 0.466797 0.900694 0.030469 0.037500
0 0.575781 0.884722 0.026562 0.055556
0 0.567187 0.879167 0.023438 0.041667
