0 0.576837 0.708843 0.009768 0.012652
0 0.478513 0.855539 0.012784 0.023207
0 0.546599 0.832968 0.010705 0.019994
0 0.534281 0.774694 0.009918 0.015703
0 0.553534 0.901377 0.014450 0.025622
0 0.484081 0.805057 0.011745 0.023539
0 0.473187 0.980073 0.017461 0.036813
0 0.470367 0.910306 0.016574 0.038554
0 0.508590 0.752918 0.009564 0.015278
0 0.515179 0.718563 0.011212 0.014303
0 0.521466 0.856398 0.011271 0.022309
0 0.591757 0.697003 0.009266 0.011655
0 0.524419 0.817822 0.011278 0.020415
0 0.461690 0.803596 0.012224 0.024319
0 0.525177 0.729046 0.010112 0.013670
0 0.497053 0.773396 0.013185 0.023371
0 0.594032 0.661986 0.034598 0.036728
0 0.521213 0.701523 0.010200 0.009999
0 0.542545 0.702722 0.016522 0.030532
0 0.408812 0.952188 0.018863 0.051729
0 0.561380 0.754028 0.021585 0.057857
0 0.559405 0.671496 0.010336 0.011306
0 0.594169 0.940289 0.048071 0.119422
0 0.488672 0.711806 0.033594 0.048611
0 0.446484 0.876389 0.021094 0.125000
0 0.567969 0.963194 0.042188 0.062500
