0 0.475525 0.963897 0.013926 0.026398
0 0.538554 0.846672 0.009657 0.015227
0 0.584135 0.784040 0.009583 0.012859
0 0.455798 0.903698 0.013003 0.023727
0 0.520547 0.816482 0.010340 0.015854
0 0.579563 0.957623 0.032363 0.084753
0 0.549547 0.949697 0.012609 0.022545
0 0.549028 0.889193 0.010338 0.018756
0 0.479374 0.905063 0.012380 0.025191
0 0.528239 0.882712 0.010787 0.019918
0 0.523392 0.915817 0.011025 0.021943
0 0.547979 0.759501 0.011194 0.012037
0 0.504036 0.843383 0.009800 0.015116
0 0.492501 0.865861 0.014017 0.024913
0 0.538479 0.787948 0.016213 0.030450
0 0.509450 0.806529 0.011506 0.015570
0 0.558831 0.985887 0.029646 0.028226
0 0.480114 0.806679 0.033990 0.053758
0 0.510361 0.790231 0.011252 0.012062
0 0.553713 0.814815 0.012682 0.030738
0 0.569065 0.820033 0.023233 0.052064
0 0.446875 0.954861 0.020313 0.076389
0 0.589453 0.739583 0.035156 0.026389
0 0.601953 0.748611 0.028906 0.027778
