0 0.546322 0.956157 0.010195 0.016179
0 0.557773 0.980497 0.009744 0.015644
0 0.501731 0.941051 0.011867 0.017425
0 0.534437 0.988420 0.010580 0.018266
0 0.496989 0.983400 0.010197 0.016897
0 0.512045 0.954016 0.011157 0.018170
0 0.521927 0.917780 0.010306 0.014514
0 0.493767 0.929596 0.010485 0.013957
0 0.533163 0.918417 0.015759 0.033858
0 0.531141 0.894284 0.012070 0.016833
0 0.454367 0.964589 0.019517 0.045532
0 0.582726 0.922448 0.024626 0.049532
0 0.452471 0.973858 0.015154 0.027245
0 0.564648 0.872304 0.011004 0.014547
0 0.564947 0.924183 0.013704 0.028940
0 0.463809 0.947989 0.034123 0.053481
0 0.586190 0.870164 0.038611 0.037910
