0 0.481500 0.854621 0.012229 0.024282
0 0.536331 0.809929 0.009994 0.016037
0 0.580418 0.746919 0.010327 0.013669
0 0.458624 0.854214 0.011900 0.024474
0 0.476720 0.908874 0.013003 0.025455
0 0.550682 0.924670 0.013313 0.023695
0 0.547592 0.860346 0.010651 0.019290
0 0.470437 0.968125 0.017098 0.040242
0 0.522378 0.885166 0.011365 0.022516
0 0.523168 0.772811 0.010457 0.014124
0 0.595408 0.734548 0.009944 0.012007
0 0.494902 0.820245 0.013779 0.024920
0 0.506114 0.797670 0.009364 0.015592
0 0.511941 0.762940 0.010288 0.013687
0 0.516116 0.745371 0.010465 0.011857
0 0.540119 0.745348 0.017167 0.030202
0 0.525994 0.849999 0.011292 0.019208
0 0.593196 0.703068 0.036339 0.036934
0 0.565415 0.786715 0.022470 0.052478
0 0.586401 0.947334 0.039393 0.103922
0 0.553537 0.715189 0.010274 0.010545
0 0.487087 0.755420 0.030924 0.042565
0 0.444922 0.917361 0.021094 0.126389
0 0.562109 0.972222 0.041406 0.044444
