0 0.551363 0.918897 0.009970 0.016634
0 0.541145 0.882301 0.010672 0.016133
0 0.530307 0.917660 0.010715 0.018648
0 0.477417 0.956894 0.012822 0.026708
0 0.576800 0.968688 0.028025 0.062623
0 0.490319 0.914074 0.013641 0.025991
0 0.518149 0.861684 0.010849 0.016040
0 0.549045 0.976198 0.013106 0.021651
0 0.453145 0.955424 0.014004 0.027562
0 0.524310 0.947065 0.011139 0.021334
0 0.501870 0.889074 0.010497 0.016381
0 0.542750 0.804363 0.011881 0.014140
0 0.587843 0.822695 0.009362 0.012127
0 0.590937 0.785410 0.037778 0.035786
0 0.505514 0.836421 0.011030 0.012017
0 0.537051 0.830866 0.015719 0.032012
0 0.465934 0.865182 0.019543 0.044235
0 0.597656 0.793056 0.026562 0.019444
0 0.575000 0.854861 0.017188 0.040278
0 0.563672 0.837500 0.014844 0.044444
