0 0.885793 0.257732 0.068867 0.059416
0 0.915618 0.297080 0.069909 0.056941
0 0.971256 0.964154 0.057447 0.070062
0 0.953721 0.209722 0.058636 0.054972
0 0.974498 0.252410 0.050025 0.055845
0 0.810499 0.983263 0.062206 0.033475
0 0.965037 0.368407 0.069925 0.093536
0 0.899500 0.407015 0.055703 0.055616
0 0.912982 0.470307 0.062742 0.052806
0 0.958404 0.439024 0.048896 0.039716
0 0.936746 0.485517 0.033043 0.039141
0 0.696875 0.754167 0.053125 0.061111
0 0.360156 0.292361 0.053125 0.043056
0 0.543750 0.602083 0.048438 0.051389
