0 0.972964 0.480372 0.053007 0.063123
0 0.846723 0.326468 0.059073 0.046931
0 0.821441 0.293681 0.058113 0.049956
0 0.436250 0.747792 0.042538 0.034151
0 0.978174 0.387941 0.043653 0.046520
0 0.967332 0.947146 0.046419 0.060452
0 0.989204 0.821870 0.021591 0.060115
0 0.895434 0.289602 0.041475 0.047131
0 0.878043 0.254208 0.047725 0.042845
0 0.387930 0.329885 0.051260 0.034426
0 0.832798 0.418392 0.045345 0.044388
0 0.926151 0.371873 0.137010 0.102635
0 0.789955 0.738211 0.042306 0.047128
0 0.925000 0.420833 0.040625 0.033333
0 0.842578 0.468056 0.058594 0.041667
0 0.951562 0.254167 0.048438 0.041667
