0 0.351370 0.744780 0.041325 0.035940
0 0.862090 0.860109 0.036613 0.040392
0 0.806670 0.303007 0.055016 0.047747
0 0.844824 0.786552 0.045977 0.051690
0 0.503362 0.348953 0.037708 0.040279
0 0.829215 0.334555 0.053005 0.046122
0 0.911513 0.375066 0.139927 0.102588
0 0.012819 0.160480 0.025602 0.058046
0 0.468668 0.942884 0.025086 0.075488
0 0.930469 0.269444 0.039062 0.030556
0 0.875391 0.300694 0.044531 0.037500
0 0.858203 0.262500 0.044531 0.038889
0 0.510156 0.945139 0.026562 0.073611
0 0.923047 0.541667 0.017969 0.077778
0 0.905859 0.419444 0.047656 0.033333
0 0.816016 0.421528 0.046094 0.040278
