0 0.854347 0.323609 0.059451 0.048106
0 0.987466 0.457273 0.025069 0.055845
0 0.829449 0.289795 0.058620 0.052385
0 0.882542 0.247024 0.041903 0.045656
0 0.818150 0.993949 0.011549 0.012101
0 0.855475 0.471412 0.058691 0.045578
0 0.936979 0.912221 0.053284 0.064353
0 0.491337 0.760799 0.061809 0.038931
0 0.755469 0.713194 0.039062 0.051389
0 0.982422 0.795139 0.030469 0.068056
0 0.934766 0.420139 0.046094 0.029167
0 0.982812 0.391667 0.031250 0.030556
0 0.902734 0.280556 0.044531 0.036111
0 0.960156 0.247917 0.057813 0.048611
