0 0.794525 0.311517 0.054646 0.046009
0 0.817420 0.341665 0.055871 0.043952
0 0.513325 0.927130 0.026865 0.065884
0 0.861242 0.306892 0.038050 0.041940
0 0.275973 0.765140 0.037172 0.034833
0 0.893117 0.380550 0.131416 0.096283
0 0.817684 0.472110 0.052425 0.040949
0 0.895312 0.845833 0.035937 0.050000
0 0.467187 0.928472 0.021875 0.076389
0 0.392969 0.345139 0.043750 0.034722
0 0.503516 0.355556 0.039844 0.036111
0 0.800391 0.419444 0.042969 0.038889
0 0.842187 0.272222 0.042188 0.038889
0 0.912891 0.272222 0.046094 0.044444
0 0.965625 0.238889 0.045312 0.044444
0 0.962891 0.190972 0.050781 0.043056
0 0.894531 0.599306 0.021875 0.079167
0 0.887500 0.427778 0.040625 0.036111
0 0.937109 0.402778 0.049219 0.027778
