0 0.946320 0.908363 0.035883 0.048956
0 0.782286 0.318546 0.050988 0.043315
0 0.875180 0.385288 0.122788 0.094637
0 0.803063 0.347725 0.050022 0.042408
0 0.513243 0.908335 0.026639 0.064156
0 0.791296 0.426436 0.039350 0.039606
0 0.210156 0.800694 0.040625 0.034722
0 0.467969 0.909028 0.023438 0.073611
0 0.398438 0.352083 0.040625 0.034722
0 0.503125 0.359722 0.040625 0.030556
0 0.884375 0.656944 0.031250 0.075000
0 0.826953 0.278472 0.033594 0.031944
0 0.842969 0.310417 0.037500 0.048611
0 0.894141 0.281250 0.041406 0.045833
0 0.944141 0.248611 0.042969 0.044444
