0 0.969507 0.396919 0.047449 0.046521
0 0.765212 0.329184 0.047906 0.040915
0 0.901176 0.723756 0.038156 0.055963
0 0.121390 0.369108 0.044994 0.045330
0 0.172404 0.344054 0.037240 0.029116
0 0.785032 0.355359 0.048306 0.040210
0 0.809270 0.297243 0.035689 0.030380
0 0.852536 0.390914 0.113218 0.091032
0 0.121381 0.855135 0.031721 0.035938
0 0.405469 0.358333 0.037500 0.033333
0 0.823828 0.321528 0.033594 0.043056
0 0.889844 0.404167 0.039062 0.030556
0 0.847266 0.428472 0.053906 0.031944
0 0.918750 0.263889 0.040625 0.030556
0 0.974609 0.316667 0.036719 0.033333
0 0.869531 0.294444 0.039062 0.025000
