0 0.034466 0.295192 0.049123 0.051591
0 0.776193 0.322521 0.048953 0.042616
0 0.406605 0.354418 0.046829 0.028888
0 0.967177 0.939508 0.037261 0.049717
0 0.177798 0.817000 0.034364 0.039157
0 0.512132 0.902324 0.025838 0.058351
0 0.891200 0.677662 0.035396 0.061762
0 0.865458 0.388218 0.116237 0.090868
0 0.503800 0.364021 0.033052 0.034921
0 0.797160 0.349753 0.048790 0.042384
0 0.473576 0.898173 0.024541 0.067018
0 0.837628 0.317850 0.047298 0.040111
0 0.886719 0.290278 0.039062 0.038889
0 0.935937 0.256944 0.042188 0.047222
