0 0.078654 0.334647 0.047132 0.049912
0 0.770727 0.325125 0.049138 0.042751
0 0.857298 0.390873 0.111787 0.091822
0 0.895024 0.701298 0.036941 0.059323
0 0.790704 0.352715 0.049259 0.039411
0 0.153644 0.835928 0.058676 0.043506
0 0.512838 0.891472 0.026680 0.062338
0 0.408228 0.356482 0.046314 0.027868
0 0.984820 0.380341 0.030361 0.045581
0 0.814960 0.293311 0.035103 0.031383
0 0.986211 0.968323 0.027522 0.046704
0 0.878906 0.286806 0.037500 0.037500
0 0.927734 0.261111 0.047656 0.038889
0 0.777734 0.426389 0.041406 0.036111
0 0.787109 0.473611 0.042969 0.036111
