0 0.801028 0.306833 0.053690 0.046354
0 0.513459 0.937882 0.028403 0.064435
0 0.321561 0.753037 0.059070 0.038559
0 0.823671 0.338332 0.053633 0.045869
0 0.902208 0.376543 0.133875 0.099824
0 0.396500 0.341034 0.047164 0.032125
0 0.468265 0.937622 0.021058 0.066615
0 0.869155 0.303139 0.038755 0.043269
0 0.811130 0.422551 0.041758 0.042828
0 0.848832 0.271601 0.036281 0.035468
0 0.824151 0.472083 0.052044 0.041624
0 0.503931 0.352378 0.036241 0.038628
0 0.870313 0.816667 0.039062 0.055556
0 0.906250 0.568056 0.020313 0.072222
0 0.898438 0.422222 0.043750 0.030556
0 0.944531 0.399306 0.045312 0.043056
0 0.973047 0.231250 0.041406 0.043056
