0 0.787777 0.314905 0.051513 0.045159
0 0.513384 0.917648 0.027344 0.064806
0 0.853210 0.311253 0.037398 0.042537
0 0.797408 0.425931 0.040963 0.038512
0 0.809883 0.345658 0.052772 0.042099
0 0.880243 0.383078 0.118145 0.096658
0 0.507313 0.358381 0.040572 0.036649
0 0.831250 0.278472 0.034375 0.037500
0 0.902344 0.279167 0.050000 0.038889
0 0.955469 0.244444 0.050000 0.044444
0 0.952344 0.198611 0.053125 0.036111
0 0.888672 0.626389 0.028906 0.077778
0 0.921875 0.875000 0.037500 0.055556
0 0.806250 0.475000 0.046875 0.030556
0 0.879297 0.436111 0.039844 0.036111
0 0.926172 0.407639 0.050781 0.034722
0 0.469922 0.920139 0.021094 0.059722
0 0.241016 0.788194 0.044531 0.029167
