0 0.755013 0.334075 0.046013 0.039159
0 0.925302 0.424202 0.043696 0.044254
0 0.916354 0.768258 0.036995 0.058571
0 0.204063 0.426002 0.042828 0.041028
0 0.774135 0.359937 0.046402 0.037905
0 0.068731 0.902635 0.032727 0.043759
0 0.957192 0.323137 0.040562 0.036259
0 0.410462 0.365100 0.036272 0.025907
0 0.986111 0.356754 0.027657 0.026318
0 0.835938 0.433333 0.034375 0.025000
0 0.875000 0.409028 0.040625 0.029167
0 0.810547 0.331250 0.039844 0.034722
0 0.900391 0.268750 0.035156 0.037500
0 0.502344 0.375694 0.035937 0.023611
0 0.856641 0.302083 0.038281 0.037500
0 0.762109 0.431250 0.035156 0.040278
0 0.767188 0.474306 0.037500 0.034722
