0 0.962339 0.867993 0.035096 0.047957
0 0.921593 0.335062 0.035003 0.035896
0 0.850708 0.480009 0.041615 0.045695
0 0.976810 0.991945 0.020496 0.016110
0 0.737385 0.345779 0.042827 0.036062
0 0.776826 0.318261 0.032478 0.025362
0 0.983362 0.336389 0.033276 0.055835
0 0.356641 0.503472 0.032031 0.034722
0 0.228906 0.505556 0.039062 0.038889
0 0.741797 0.434028 0.030469 0.026389
0 0.749609 0.472222 0.032031 0.027778
0 0.848828 0.412500 0.039844 0.027778
0 0.873047 0.284028 0.036719 0.031944
0 0.828516 0.311806 0.038281 0.037500
0 0.790234 0.341667 0.033594 0.030556
