0 0.944989 0.411354 0.041899 0.045035
0 0.034996 0.370851 0.045514 0.049662
0 0.512083 0.877821 0.024068 0.053777
0 0.759112 0.331542 0.046165 0.040056
0 0.162552 0.399772 0.044759 0.043219
0 0.906668 0.746740 0.034714 0.054039
0 0.094137 0.878442 0.031388 0.040782
0 0.779656 0.358590 0.048733 0.039175
0 0.818401 0.327693 0.031963 0.036409
0 0.885156 0.407639 0.039062 0.026389
0 0.841406 0.431944 0.039062 0.025000
0 0.767969 0.429861 0.039062 0.029167
0 0.907422 0.264583 0.042969 0.029167
0 0.860547 0.292361 0.038281 0.031944
