0 0.610289 0.617538 0.033484 0.033402
0 0.710379 0.363113 0.038926 0.033154
0 0.785087 0.410568 0.101633 0.067944
0 0.936428 0.313827 0.030560 0.029350
0 0.341901 0.683270 0.031344 0.027726
0 0.181810 0.290168 0.020008 0.027099
0 0.472281 0.580311 0.031699 0.024197
0 0.080859 0.274306 0.027344 0.037500
0 0.715234 0.441667 0.028906 0.027778
0 0.792188 0.604167 0.021875 0.047222
0 0.421484 0.386806 0.028906 0.018056
0 0.500000 0.396528 0.026562 0.020833
0 0.808984 0.425694 0.032031 0.023611
0 0.976172 0.182639 0.032031 0.023611
0 0.925000 0.248611 0.039062 0.027778
0 0.964844 0.223611 0.034375 0.027778
0 0.755859 0.356250 0.030469 0.029167
0 0.794922 0.331944 0.033594 0.030556
0 0.830078 0.307639 0.036719 0.031944
0 0.874219 0.354167 0.032813 0.027778
0 0.881250 0.388889 0.082812 0.027778
0 0.857422 0.366667 0.078906 0.027778
