0 0.983840 0.334391 0.031718 0.027701
0 0.420146 0.797213 0.013796 0.014225
0 0.750970 0.421454 0.080369 0.065088
0 0.479297 0.777778 0.013281 0.041667
0 0.508203 0.772917 0.013281 0.043056
0 0.656641 0.647222 0.025781 0.025000
0 0.178906 0.783333 0.025000 0.022222
0 0.294531 0.454861 0.028125 0.026389
0 0.430078 0.400694 0.027344 0.015278
0 0.501172 0.406944 0.025781 0.019444
0 0.802734 0.798611 0.025781 0.036111
0 0.827734 0.727778 0.021094 0.038889
0 0.728906 0.373611 0.028125 0.016667
0 0.762500 0.350694 0.028125 0.023611
0 0.798828 0.327778 0.027344 0.022222
0 0.884375 0.275000 0.028125 0.019444
0 0.918359 0.250000 0.027344 0.027778
0 0.869922 0.348611 0.028906 0.016667
0 0.835938 0.363194 0.026562 0.018056
0 0.930469 0.213194 0.026562 0.018056
0 0.909375 0.048611 0.021875 0.025000
0 0.685937 0.370139 0.029687 0.023611
0 0.700000 0.389583 0.029687 0.026389
0 0.714844 0.347222 0.026562 0.025000
0 0.695703 0.444444 0.022656 0.016667
0 0.779297 0.427778 0.032031 0.011111
