0 0.704408 0.367318 0.036282 0.032695
0 0.799553 0.637820 0.027024 0.049053
0 0.144826 0.335720 0.030492 0.036715
0 0.534158 0.595331 0.032793 0.026889
0 0.774240 0.414237 0.094189 0.067027
0 0.286719 0.702778 0.029687 0.019444
0 0.425781 0.393056 0.029687 0.025000
0 0.799609 0.429167 0.028906 0.022222
0 0.748047 0.362500 0.032031 0.030556
0 0.782031 0.336806 0.034375 0.029167
0 0.821484 0.314583 0.033594 0.018056
0 0.913672 0.259722 0.035156 0.030556
0 0.951562 0.236806 0.031250 0.026389
0 0.959375 0.191667 0.035937 0.019444
0 0.667188 0.656944 0.029687 0.033333
0 0.476562 0.799306 0.015625 0.040278
0 0.508984 0.797222 0.019531 0.052778
0 0.909375 0.325000 0.034375 0.030556
0 0.860547 0.356944 0.036719 0.030556
0 0.864062 0.396528 0.079687 0.034722
0 0.942578 0.018056 0.033594 0.022222
