0 0.175195 0.363801 0.029186 0.034295
0 0.700863 0.369075 0.035419 0.031050
0 0.429811 0.393865 0.031873 0.021156
0 0.509083 0.791718 0.016877 0.042333
0 0.768462 0.415731 0.089994 0.067088
0 0.478906 0.791667 0.018750 0.044444
0 0.560156 0.601389 0.031250 0.038889
0 0.262500 0.719444 0.035937 0.025000
0 0.800000 0.651389 0.025000 0.041667
0 0.698047 0.683333 0.030469 0.033333
0 0.743359 0.363889 0.028906 0.016667
0 0.778125 0.341667 0.032813 0.022222
0 0.817578 0.316667 0.027344 0.022222
0 0.900000 0.328472 0.031250 0.026389
0 0.942969 0.236111 0.025000 0.022222
0 0.905859 0.258333 0.033594 0.025000
0 0.937891 0.020833 0.025781 0.022222
0 0.952734 0.192361 0.033594 0.023611
0 0.856641 0.354861 0.028906 0.020833
0 0.851562 0.398611 0.070312 0.038889
0 0.833594 0.366667 0.067187 0.027778
0 0.705078 0.441667 0.030469 0.016667
