0 0.815180 0.689330 0.027797 0.042844
0 0.755383 0.736996 0.031537 0.036525
0 0.236399 0.411900 0.028074 0.033030
0 0.700000 0.447917 0.032813 0.029167
0 0.706641 0.477083 0.027344 0.023611
0 0.690625 0.372222 0.029687 0.019444
0 0.923828 0.032639 0.021094 0.026389
0 0.940234 0.199306 0.033594 0.031944
0 0.931641 0.243750 0.028906 0.026389
0 0.893750 0.263889 0.032813 0.025000
0 0.807813 0.320833 0.034375 0.022222
0 0.880469 0.333333 0.032813 0.025000
0 0.611719 0.620139 0.026562 0.037500
0 0.217969 0.753472 0.028125 0.026389
0 0.478906 0.784722 0.015625 0.047222
0 0.507031 0.781944 0.020313 0.047222
0 0.737891 0.368056 0.027344 0.027778
0 0.772656 0.347917 0.034375 0.029167
0 0.755469 0.445833 0.032813 0.016667
0 0.787109 0.428472 0.028906 0.020833
0 0.843750 0.355556 0.029687 0.022222
0 0.756250 0.415972 0.078125 0.031944
0 0.839844 0.402083 0.067187 0.031944
