0 0.809548 0.673349 0.029507 0.045359
0 0.699116 0.370554 0.037661 0.030439
0 0.501799 0.402323 0.024176 0.023532
0 0.729272 0.709326 0.029563 0.035040
0 0.205690 0.388532 0.028111 0.033221
0 0.240234 0.729861 0.028906 0.020833
0 0.739453 0.366667 0.027344 0.030556
0 0.775000 0.338194 0.028125 0.026389
0 0.811328 0.318056 0.033594 0.022222
0 0.901563 0.261111 0.034375 0.033333
0 0.937891 0.239583 0.028906 0.026389
0 0.892188 0.336806 0.035937 0.029167
0 0.819141 0.375694 0.030469 0.045833
0 0.849609 0.358333 0.032031 0.025000
0 0.849219 0.400694 0.076563 0.040278
0 0.702734 0.447222 0.039844 0.030556
0 0.709375 0.481944 0.031250 0.022222
0 0.758203 0.444444 0.033594 0.022222
0 0.789844 0.431250 0.028125 0.031944
0 0.760547 0.413889 0.074219 0.038889
0 0.588672 0.611111 0.030469 0.030556
0 0.427344 0.392361 0.025000 0.020833
0 0.928125 0.026389 0.023438 0.022222
