0 0.780584 0.767393 0.029210 0.036519
0 0.822466 0.708413 0.027023 0.041158
0 0.204981 0.764959 0.037466 0.031837
0 0.263281 0.430556 0.031250 0.038889
0 0.428125 0.399306 0.026562 0.020833
0 0.636328 0.638889 0.028906 0.036111
0 0.478516 0.781250 0.016406 0.048611
0 0.505859 0.775694 0.016406 0.048611
0 0.696094 0.447917 0.031250 0.015278
0 0.703516 0.477778 0.030469 0.027778
0 0.751563 0.447917 0.025000 0.023611
0 0.783594 0.428472 0.028125 0.020833
0 0.734375 0.370833 0.026562 0.027778
0 0.697656 0.394444 0.026562 0.016667
0 0.688672 0.370833 0.032031 0.027778
0 0.768359 0.345139 0.027344 0.031944
0 0.802344 0.330556 0.032813 0.022222
0 0.889062 0.265278 0.035937 0.030556
0 0.925000 0.249306 0.026562 0.029167
0 0.936719 0.209028 0.029687 0.037500
0 0.917969 0.045139 0.023438 0.031944
0 0.810156 0.376389 0.032813 0.016667
0 0.875000 0.343750 0.026562 0.015278
