0 0.797394 0.622065 0.026509 0.048129
0 0.706762 0.364339 0.036335 0.031707
0 0.777968 0.412970 0.096518 0.068732
0 0.504183 0.586859 0.033019 0.026209
0 0.112109 0.307639 0.032031 0.037500
0 0.313281 0.692361 0.031250 0.023611
0 0.638281 0.636806 0.029687 0.034722
0 0.509766 0.797917 0.016406 0.048611
0 0.476172 0.800000 0.017969 0.052778
0 0.752734 0.359028 0.030469 0.029167
0 0.787891 0.336806 0.033594 0.029167
0 0.712500 0.442361 0.028125 0.018056
0 0.716406 0.476389 0.032813 0.025000
0 0.827344 0.313889 0.029687 0.025000
0 0.871484 0.353472 0.032031 0.023611
0 0.920312 0.321528 0.035937 0.031944
0 0.869922 0.384028 0.075781 0.031944
0 0.921094 0.248611 0.037500 0.030556
0 0.957422 0.225694 0.030469 0.026389
0 0.967187 0.181250 0.034375 0.029167
