0 0.921031 0.371934 0.032094 0.028183
0 0.748093 0.422828 0.082548 0.064153
0 0.434685 0.403765 0.028492 0.019355
0 0.854843 0.864640 0.032837 0.048876
0 0.833713 0.404004 0.086481 0.064033
0 0.849609 0.772917 0.021094 0.040278
0 0.698828 0.680556 0.025781 0.036111
0 0.352344 0.486111 0.026562 0.027778
0 0.137109 0.816667 0.028906 0.027778
0 0.682031 0.375000 0.026562 0.027778
0 0.694922 0.393750 0.027344 0.026389
0 0.723828 0.375000 0.030469 0.030556
0 0.689844 0.445139 0.026562 0.026389
0 0.695703 0.479861 0.021094 0.026389
0 0.744922 0.449306 0.025781 0.020833
0 0.774219 0.433333 0.021875 0.022222
0 0.877344 0.276389 0.026562 0.022222
0 0.913672 0.257639 0.025781 0.015278
0 0.904297 0.055556 0.022656 0.019444
0 0.761719 0.347222 0.025000 0.025000
0 0.792969 0.325694 0.023438 0.023611
0 0.862109 0.348611 0.030469 0.016667
0 0.481641 0.771528 0.016406 0.043056
0 0.507812 0.769444 0.017188 0.044444
