0 0.950183 0.353974 0.033495 0.027770
0 0.748444 0.422639 0.081181 0.064491
0 0.834949 0.403690 0.086324 0.064105
0 0.835246 0.747902 0.034814 0.040773
0 0.826562 0.829861 0.023438 0.043056
0 0.683984 0.376389 0.027344 0.027778
0 0.696094 0.393056 0.026562 0.027778
0 0.713281 0.352778 0.018750 0.025000
0 0.727344 0.369444 0.023438 0.027778
0 0.760156 0.347222 0.023438 0.027778
0 0.795703 0.329861 0.027344 0.020833
0 0.882031 0.272917 0.031250 0.018056
0 0.913672 0.252083 0.028906 0.018056
0 0.923828 0.213194 0.028906 0.023611
0 0.679688 0.663889 0.025000 0.030556
0 0.160547 0.797917 0.025781 0.026389
0 0.324609 0.469444 0.022656 0.027778
0 0.862891 0.345139 0.027344 0.026389
0 0.744141 0.448611 0.024219 0.019444
0 0.773828 0.435417 0.033594 0.026389
0 0.691406 0.450000 0.028125 0.027778
