0 0.905729 0.418056 0.032292 0.019444
0 0.595573 0.443981 0.010937 0.010185
0 0.737760 0.444907 0.010937 0.010185
0 0.970052 0.605093 0.006771 0.013889
0 0.667188 0.443056 0.008333 0.008333
0 0.351823 0.739815 0.010937 0.012963
0 0.055990 0.920833 0.021354 0.032407
0 0.833854 0.424074 0.009375 0.007407
0 0.073958 0.952315 0.057292 0.095370
0 0.561979 0.664352 0.011458 0.017593
0 0.591406 0.695833 0.010937 0.015741
0 0.994792 0.397222 0.010417 0.027778
0 0.798438 0.417130 0.009375 0.010185
0 0.537240 0.381481 0.025521 0.050000
0 0.015625 0.707870 0.031250 0.034259
0 0.258333 0.531944 0.008333 0.012037
0 0.700781 0.415278 0.007812 0.008333
0 0.427865 0.666667 0.013021 0.014815
0 0.505208 0.823611 0.008333 0.028704
0 0.267969 0.442593 0.008854 0.009259
0 0.445833 0.454630 0.006250 0.012963
0 0.534896 0.596296 0.007292 0.011111
0 0.311458 0.447685 0.009375 0.008333
0 0.227604 0.712037 0.009375 0.014815
0 0.545312 0.397222 0.009375 0.009259
0 0.496615 0.495370 0.005729 0.011111
0 0.315365 0.239352 0.007812 0.008333
0 0.483333 0.023148 0.008333 0.020370
0 0.232813 0.566204 0.007292 0.013889
0 0.449479 0.334722 0.005208 0.010185
0 0.220052 0.593519 0.008854 0.014815
0 0.416667 0.417130 0.008333 0.008333
0 0.210156 0.648611 0.006771 0.013889
0 0.307031 0.215741 0.006771 0.009259
0 0.221354 0.422222 0.008333 0.009259
0 0.491406 0.294907 0.004687 0.010185
