0 0.886719 0.417593 0.031771 0.020370
0 0.499479 0.779630 0.015625 0.027778
0 0.625000 0.443519 0.010417 0.011111
0 0.338802 0.745833 0.009896 0.012037
0 0.073698 0.952315 0.056771 0.095370
0 0.765104 0.445370 0.010417 0.011111
0 0.336719 0.447222 0.008854 0.009259
0 0.579688 0.684259 0.011458 0.016667
0 0.694271 0.443519 0.008333 0.009259
0 0.282292 0.427778 0.008333 0.007407
0 0.552865 0.649074 0.009896 0.016667
0 0.299219 0.441667 0.008854 0.009259
0 0.969792 0.605093 0.007292 0.013889
0 0.804167 0.423611 0.009375 0.008333
0 0.530469 0.577778 0.006771 0.011111
0 0.427865 0.667130 0.013021 0.013889
0 0.265625 0.525000 0.008333 0.012963
0 0.238281 0.556481 0.007812 0.012963
0 0.673438 0.415278 0.009375 0.008333
0 0.771354 0.417130 0.008333 0.008333
0 0.223698 0.581944 0.008854 0.013889
0 0.222396 0.702778 0.009375 0.014815
0 0.326562 0.231019 0.007292 0.008333
0 0.015625 0.708796 0.031250 0.034259
0 0.980729 0.428704 0.009375 0.009259
0 0.293490 0.226852 0.007812 0.009259
0 0.055729 0.920370 0.020833 0.031481
0 0.545312 0.397222 0.008333 0.009259
0 0.291406 0.504630 0.011979 0.016667
0 0.447917 0.351852 0.005208 0.011111
0 0.495573 0.457407 0.005729 0.011111
0 0.468229 0.309259 0.005208 0.009259
0 0.990885 0.398148 0.018229 0.027778
0 0.210156 0.637037 0.006771 0.012963
0 0.531250 0.397222 0.008333 0.022222
0 0.446094 0.469444 0.006771 0.014815
0 0.424219 0.673611 0.019271 0.026852
0 0.507292 0.295833 0.005208 0.010185
0 0.388021 0.418056 0.008333 0.008333
