0 0.074219 0.951852 0.057813 0.096296
0 0.683594 0.443981 0.010937 0.012037
0 0.538021 0.443519 0.010417 0.011111
0 0.016146 0.707407 0.032292 0.035185
0 0.612500 0.442593 0.008333 0.009259
0 0.376302 0.721296 0.010937 0.014815
0 0.617188 0.711574 0.012500 0.015741
0 0.970833 0.605556 0.007292 0.014815
0 0.582552 0.688889 0.011979 0.018519
0 0.891667 0.427778 0.009375 0.009259
0 0.852344 0.418519 0.008854 0.009259
0 0.891406 0.427778 0.009896 0.014815
0 0.259635 0.450000 0.008854 0.009259
0 0.545833 0.379167 0.009375 0.045370
0 0.891406 0.425926 0.009896 0.009259
0 0.205990 0.445833 0.008854 0.008333
0 0.537500 0.381944 0.026042 0.049074
0 0.755990 0.416204 0.007812 0.008333
0 0.510417 0.346759 0.006250 0.010185
0 0.545833 0.397222 0.009375 0.009259
0 0.499219 0.580093 0.006771 0.013889
0 0.546875 0.630556 0.008333 0.014815
0 0.376042 0.423611 0.008333 0.008333
0 0.240885 0.729167 0.009896 0.013889
0 0.445573 0.427315 0.005729 0.008333
0 0.493490 0.349074 0.004687 0.011111
0 0.428385 0.666667 0.013021 0.014815
0 0.277865 0.419444 0.008854 0.009259
0 0.297656 0.263426 0.005729 0.008333
0 0.445573 0.425000 0.005729 0.012963
0 0.452083 0.303241 0.005208 0.010185
0 0.446875 0.070370 0.004167 0.014815
0 0.246094 0.547222 0.007812 0.011111
0 0.215625 0.614815 0.006250 0.012963
0 0.010937 0.764352 0.021875 0.047222
