0 0.710417 0.444444 0.010417 0.011111
0 0.073958 0.952315 0.057292 0.095370
0 0.566667 0.443981 0.011458 0.010185
0 0.603906 0.705093 0.010937 0.013889
0 0.970573 0.605093 0.006771 0.013889
0 0.545573 0.378704 0.009896 0.046296
0 0.571354 0.677315 0.011458 0.017593
0 0.364323 0.731019 0.010937 0.013889
0 0.640104 0.443056 0.008333 0.008333
0 0.016146 0.707870 0.032292 0.034259
0 0.445833 0.439815 0.005208 0.012963
0 0.862760 0.424537 0.008854 0.008333
0 0.825260 0.417593 0.008854 0.009259
0 0.728646 0.415741 0.008333 0.009259
0 0.285677 0.448611 0.008854 0.008333
0 0.540104 0.613426 0.007292 0.012037
0 0.451562 0.319444 0.006250 0.011111
0 0.236979 0.443981 0.008333 0.010185
0 0.218229 0.604167 0.007292 0.013889
0 0.344792 0.425463 0.008333 0.008333
0 0.545573 0.397222 0.009896 0.009259
0 0.055990 0.919907 0.021354 0.032407
0 0.304948 0.250463 0.005729 0.008333
0 0.428385 0.666667 0.013021 0.014815
0 0.234115 0.721296 0.008854 0.012963
0 0.497656 0.536111 0.005729 0.012963
0 0.509635 0.328241 0.008854 0.026852
0 0.492708 0.320833 0.005208 0.010185
0 0.228646 0.575000 0.007292 0.012963
0 0.446354 0.069444 0.004167 0.014815
0 0.249740 0.420370 0.008854 0.009259
0 0.211198 0.660185 0.006771 0.012963
0 0.507292 0.869907 0.006250 0.026852
0 0.537500 0.381944 0.026042 0.050926
