0 0.074479 0.951852 0.057292 0.096296
0 0.655990 0.443519 0.010937 0.011111
0 0.920052 0.426852 0.008854 0.007407
0 0.594271 0.701389 0.011458 0.017593
0 0.630469 0.717130 0.011979 0.013889
0 0.971094 0.606019 0.006771 0.013889
0 0.964063 0.419907 0.032292 0.019444
0 0.879427 0.419907 0.009896 0.010185
0 0.585938 0.443519 0.009375 0.009259
0 0.016667 0.707407 0.033333 0.035185
0 0.386719 0.710648 0.009896 0.015741
0 0.233854 0.450926 0.009375 0.007407
0 0.554688 0.646759 0.008333 0.012037
0 0.783073 0.417593 0.007812 0.009259
0 0.545833 0.378704 0.009375 0.046296
0 0.977604 0.451852 0.012500 0.012963
0 0.174740 0.446759 0.008854 0.010185
0 0.248438 0.735185 0.010417 0.014815
0 0.510938 0.363889 0.006250 0.011111
0 0.537760 0.380093 0.025521 0.047222
0 0.291146 0.277778 0.005208 0.009259
0 0.531250 0.575463 0.007292 0.015741
0 0.452865 0.285648 0.005729 0.010185
0 0.056510 0.919444 0.021354 0.031481
0 0.545833 0.397685 0.009375 0.008333
0 0.500781 0.627778 0.006771 0.014815
0 0.216146 0.682870 0.007292 0.012037
0 0.494271 0.378704 0.005208 0.011111
0 0.530469 0.397222 0.010937 0.020370
0 0.240365 0.554630 0.007812 0.012963
0 0.428646 0.667130 0.012500 0.013889
0 0.545052 0.369907 0.006771 0.028704
0 0.259896 0.529630 0.009375 0.014815
0 0.533333 0.394444 0.005208 0.014815
0 0.221875 0.596296 0.006250 0.011111
0 0.446094 0.412963 0.005729 0.012963
0 0.995573 0.396759 0.008854 0.026852
