0 0.075260 0.951389 0.056771 0.097222
0 0.657292 0.719907 0.011458 0.012037
0 0.620052 0.716667 0.011979 0.014815
0 0.600781 0.443981 0.010937 0.010185
0 0.927604 0.450463 0.012500 0.012037
0 0.976823 0.429630 0.009896 0.009259
0 0.971354 0.606481 0.007292 0.014815
0 0.573958 0.676389 0.009375 0.013889
0 0.264583 0.745833 0.011458 0.012037
0 0.405990 0.683333 0.008854 0.014815
0 0.934115 0.423148 0.008854 0.009259
0 0.532292 0.443519 0.009375 0.009259
0 0.597135 0.420833 0.008854 0.010185
0 0.016667 0.706944 0.033333 0.034259
0 0.182812 0.453241 0.009375 0.008333
0 0.496354 0.444444 0.005208 0.009259
0 0.513542 0.399537 0.006250 0.012037
0 0.533594 0.398148 0.005729 0.022222
0 0.994531 0.420370 0.010937 0.016667
0 0.428906 0.667130 0.011979 0.013889
0 0.538021 0.397222 0.026042 0.020370
0 0.838281 0.418519 0.008854 0.009259
0 0.446615 0.388426 0.004687 0.010185
0 0.969792 0.447222 0.010417 0.009259
0 0.546615 0.397222 0.009896 0.009259
0 0.254948 0.536574 0.007812 0.012037
0 0.546354 0.378241 0.009375 0.047222
0 0.538021 0.381481 0.026042 0.051852
0 0.555469 0.415741 0.007812 0.007407
0 0.539844 0.611574 0.007812 0.015741
0 0.229687 0.572685 0.007292 0.012037
0 0.533594 0.394444 0.005729 0.014815
0 0.223177 0.703241 0.007812 0.013889
0 0.010937 0.764815 0.021875 0.048148
0 0.246354 0.543519 0.008333 0.016667
0 0.217188 0.616204 0.006250 0.012037
0 0.454427 0.254630 0.005729 0.009259
0 0.057292 0.918981 0.020833 0.032407
