0 0.644010 0.719907 0.011979 0.012037
0 0.628125 0.443981 0.011458 0.010185
0 0.948698 0.428241 0.009896 0.008333
0 0.607031 0.710185 0.011979 0.016667
0 0.075260 0.951389 0.057813 0.097222
0 0.558333 0.443056 0.008333 0.008333
0 0.971094 0.606019 0.006771 0.013889
0 0.538021 0.380093 0.026042 0.047222
0 0.016406 0.706944 0.032813 0.034259
0 0.208594 0.451852 0.008854 0.007407
0 0.257552 0.741667 0.008854 0.012963
0 0.512240 0.378704 0.005729 0.014815
0 0.952604 0.451389 0.012500 0.012037
0 0.563281 0.663426 0.008854 0.013889
0 0.810677 0.417593 0.008854 0.009259
0 0.906771 0.421759 0.009375 0.010185
0 0.535156 0.594444 0.007812 0.014815
0 0.056771 0.918981 0.020833 0.032407
0 0.512500 0.381019 0.005208 0.010185
0 0.533333 0.398148 0.006250 0.022222
0 0.546094 0.397685 0.009896 0.008333
0 0.533594 0.394907 0.005729 0.013889
0 0.396875 0.697222 0.009375 0.014815
0 0.546094 0.378704 0.009896 0.046296
0 0.453385 0.270833 0.005729 0.010185
0 0.565885 0.420370 0.008854 0.009259
0 0.287760 0.291667 0.005729 0.009259
0 0.537760 0.395833 0.025521 0.017593
0 0.143229 0.447685 0.008333 0.010185
0 0.948438 0.429167 0.010417 0.010185
0 0.010937 0.764815 0.021875 0.048148
0 0.528906 0.415741 0.005729 0.009259
0 0.446354 0.399537 0.005208 0.012037
0 0.684115 0.087963 0.008854 0.011111
0 0.428646 0.667130 0.012500 0.013889
