0 0.790365 0.414815 0.031771 0.020370
0 0.248438 0.426389 0.010417 0.013889
0 0.767708 0.445833 0.011458 0.010185
0 0.901823 0.446759 0.010937 0.010185
0 0.968229 0.604167 0.007292 0.013889
0 0.497396 0.586111 0.006250 0.020370
0 0.426823 0.667130 0.013021 0.013889
0 0.273438 0.748611 0.009375 0.012037
0 0.638281 0.414815 0.008854 0.009259
0 0.538542 0.609722 0.009375 0.015741
0 0.250781 0.535648 0.009896 0.013889
0 0.248177 0.427778 0.009896 0.009259
0 0.444010 0.430093 0.005729 0.012037
0 0.467448 0.481481 0.005729 0.011111
0 0.829427 0.446296 0.008854 0.009259
0 0.655990 0.420833 0.008854 0.008333
0 0.222135 0.581019 0.007812 0.012037
0 0.072656 0.953241 0.056771 0.093519
0 0.520052 0.487037 0.006771 0.014815
0 0.447396 0.557870 0.007292 0.013889
0 0.527083 0.562037 0.007292 0.016667
0 0.994010 0.397222 0.011979 0.027778
0 0.544531 0.398148 0.008854 0.009259
0 0.054688 0.922685 0.020833 0.032407
0 0.306771 0.377778 0.011458 0.022222
0 0.209896 0.648611 0.007292 0.013889
0 0.442969 0.469907 0.005729 0.013889
0 0.891146 0.363889 0.008333 0.007407
0 0.487760 0.464815 0.005729 0.011111
0 0.270573 0.520833 0.007812 0.008333
0 0.536198 0.414815 0.007812 0.009259
0 0.392969 0.220370 0.006771 0.007407
0 0.472396 0.304167 0.005208 0.010185
0 0.120313 0.435648 0.007292 0.008333
0 0.030208 0.460185 0.018750 0.016667
0 0.014844 0.710185 0.029687 0.033333
0 0.047396 0.433333 0.008333 0.007407
0 0.026042 0.464352 0.010417 0.008333
0 0.096875 0.485648 0.007292 0.015741
0 0.384896 0.116667 0.017708 0.022222
