0 0.770833 0.414352 0.032292 0.019444
0 0.796094 0.445370 0.010937 0.011111
0 0.216667 0.427315 0.009375 0.013889
0 0.928906 0.448611 0.010937 0.010185
0 0.967708 0.604167 0.006250 0.013889
0 0.443229 0.445370 0.005208 0.012963
0 0.216667 0.428704 0.009375 0.011111
0 0.856250 0.446759 0.009375 0.008333
0 0.611458 0.414815 0.009375 0.009259
0 0.441927 0.486111 0.005729 0.014815
0 0.467187 0.522222 0.006250 0.012963
0 0.258333 0.528704 0.009375 0.012963
0 0.496875 0.553704 0.007292 0.020370
0 0.624479 0.420370 0.009375 0.009259
0 0.064844 0.953241 0.043229 0.093519
0 0.534635 0.593519 0.008854 0.012963
0 0.261198 0.744907 0.009896 0.012037
0 0.446875 0.580093 0.007292 0.013889
0 0.227604 0.571296 0.008333 0.012963
0 0.526042 0.544907 0.006250 0.015741
0 0.544271 0.397685 0.009375 0.008333
0 0.528125 0.394907 0.010417 0.013889
0 0.993750 0.397685 0.012500 0.025000
0 0.544010 0.378704 0.008854 0.044444
0 0.049740 0.463426 0.010937 0.008333
0 0.472396 0.333333 0.006250 0.011111
0 0.150000 0.456481 0.013542 0.011111
0 0.426823 0.667593 0.013021 0.012963
0 0.404427 0.225463 0.006771 0.008333
0 0.510417 0.393981 0.005208 0.012037
0 0.530469 0.397222 0.005729 0.020370
0 0.471875 0.277315 0.006250 0.010185
0 0.115885 0.484722 0.007812 0.015741
0 0.517969 0.467130 0.006771 0.015741
0 0.517708 0.469444 0.006250 0.011111
0 0.209896 0.637500 0.007292 0.013889
0 0.277604 0.515741 0.008333 0.011111
0 0.159375 0.456019 0.009375 0.008333
0 0.674219 0.469907 0.006771 0.008333
0 0.466146 0.366667 0.006250 0.011111
0 0.064844 0.455093 0.010937 0.008333
0 0.082552 0.430093 0.008854 0.008333
0 0.087500 0.437037 0.008333 0.009259
0 0.023698 0.718981 0.011979 0.019444
0 0.084896 0.432407 0.012500 0.016667
0 0.085938 0.437500 0.011458 0.019444
0 0.162500 0.368056 0.006250 0.010185
0 0.520573 0.162037 0.005729 0.009259
0 0.528906 0.396296 0.013021 0.018519
0 0.515104 0.510648 0.008333 0.019444
