0 0.122135 0.485185 0.030729 0.018519
0 0.751563 0.414815 0.032292 0.022222
0 0.967448 0.603704 0.006771 0.014815
0 0.956510 0.449074 0.010937 0.011111
0 0.824219 0.446296 0.010937 0.011111
0 0.053125 0.435185 0.009375 0.014815
0 0.882552 0.447685 0.009896 0.008333
0 0.584635 0.414815 0.008854 0.009259
0 0.185417 0.429167 0.014583 0.015741
0 0.594010 0.420833 0.008854 0.010185
0 0.265885 0.520833 0.009896 0.012037
0 0.523958 0.526389 0.007292 0.013889
0 0.543750 0.397685 0.009375 0.008333
0 0.233073 0.560185 0.008854 0.012963
0 0.993490 0.397685 0.013021 0.026852
0 0.515104 0.452315 0.005208 0.010185
0 0.466927 0.566204 0.006771 0.013889
0 0.495833 0.524074 0.006250 0.018519
0 0.527865 0.394907 0.010937 0.013889
0 0.250260 0.737963 0.008854 0.012963
0 0.529948 0.575463 0.007812 0.013889
0 0.442969 0.461111 0.005729 0.012963
0 0.446094 0.600926 0.006771 0.014815
0 0.073698 0.462037 0.010937 0.009259
0 0.133594 0.484722 0.007812 0.015741
0 0.184115 0.431019 0.011979 0.010185
0 0.210938 0.626389 0.007292 0.013889
0 0.441406 0.503704 0.005729 0.012963
0 0.426302 0.668056 0.013021 0.013889
0 0.053906 0.923148 0.021354 0.031481
0 0.471875 0.306481 0.006250 0.009259
0 0.805469 0.421296 0.008854 0.009259
0 0.515365 0.510648 0.007812 0.019444
0 0.990625 0.395370 0.006250 0.018519
0 0.095312 0.454630 0.010417 0.009259
0 0.286458 0.510185 0.008333 0.009259
0 0.509635 0.377315 0.005729 0.012037
0 0.494531 0.524537 0.008854 0.019444
0 0.675781 0.463889 0.010937 0.020370
0 0.528906 0.396759 0.014063 0.019444
0 0.014583 0.711111 0.029167 0.035185
0 0.471875 0.366204 0.006250 0.012037
0 0.480990 0.480093 0.004687 0.013889
0 0.542969 0.379630 0.010937 0.044444
0 0.064323 0.953704 0.043229 0.092593
0 0.414062 0.233333 0.006250 0.009259
0 0.530990 0.406019 0.004687 0.008333
0 0.305990 0.378704 0.011979 0.022222
