0 0.874740 0.446759 0.010937 0.012037
0 0.108594 0.458333 0.020313 0.012963
0 0.739583 0.444444 0.011458 0.011111
0 0.285938 0.752778 0.009375 0.011111
0 0.427083 0.667593 0.013542 0.012963
0 0.497656 0.620833 0.009896 0.023148
0 0.968750 0.604167 0.007292 0.013889
0 0.054948 0.922222 0.021354 0.033333
0 0.530208 0.581481 0.008333 0.016667
0 0.072656 0.952778 0.056771 0.094444
0 0.545312 0.625463 0.009375 0.015741
0 0.447917 0.539352 0.006250 0.013889
0 0.564063 0.414815 0.008333 0.009259
0 0.217969 0.592130 0.007812 0.013889
0 0.467448 0.442130 0.005729 0.012037
0 0.244531 0.543981 0.008854 0.013889
0 0.544792 0.397685 0.008333 0.010185
0 0.004167 0.461574 0.008333 0.015741
0 0.489583 0.518056 0.005208 0.012037
0 0.444271 0.415741 0.005208 0.011111
0 0.685937 0.420833 0.008333 0.008333
0 0.281250 0.427315 0.009375 0.008333
0 0.278646 0.425000 0.014583 0.016667
0 0.015365 0.709722 0.030729 0.034259
0 0.802604 0.445833 0.009375 0.008333
0 0.665104 0.414815 0.009375 0.009259
0 0.210938 0.659722 0.007292 0.013889
0 0.529167 0.395833 0.010417 0.015741
0 0.275260 0.421296 0.007812 0.009259
0 0.887500 0.422222 0.009375 0.011111
0 0.513802 0.429167 0.005729 0.012037
0 0.153385 0.434259 0.008854 0.007407
0 0.910156 0.369907 0.008854 0.008333
0 0.544271 0.380093 0.009375 0.047222
0 0.263281 0.526852 0.007812 0.011111
0 0.531250 0.398148 0.006250 0.022222
0 0.141927 0.426852 0.008854 0.009259
0 0.443750 0.453241 0.005208 0.012037
0 0.076563 0.431481 0.009375 0.007407
0 0.063021 0.491204 0.038542 0.026852
