0 0.848177 0.415741 0.031771 0.020370
0 0.820052 0.445370 0.010937 0.011111
0 0.073177 0.952778 0.056771 0.094444
0 0.682552 0.444444 0.009896 0.011111
0 0.745573 0.421759 0.008854 0.008333
0 0.386979 0.446296 0.009375 0.009259
0 0.718229 0.414815 0.009375 0.009259
0 0.015365 0.708796 0.030729 0.034259
0 0.361458 0.439815 0.008333 0.009259
0 0.447135 0.502315 0.006771 0.013889
0 0.501302 0.692593 0.006771 0.022222
0 0.748698 0.444444 0.008854 0.009259
0 0.969271 0.605093 0.007292 0.013889
0 0.218490 0.430093 0.006771 0.008333
0 0.313281 0.751852 0.008854 0.009259
0 0.618490 0.415278 0.008854 0.008333
0 0.233073 0.562963 0.008854 0.012963
0 0.561198 0.657407 0.010937 0.016667
0 0.517448 0.464352 0.006771 0.013889
0 0.427604 0.667593 0.013542 0.012963
0 0.135677 0.427778 0.008854 0.007407
0 0.280990 0.512500 0.008854 0.010185
0 0.214583 0.681944 0.007292 0.013889
0 0.352604 0.219444 0.008333 0.007407
0 0.947656 0.380556 0.008854 0.009259
0 0.492708 0.638889 0.006250 0.014815
0 0.545312 0.396759 0.008333 0.010185
0 0.055729 0.921296 0.020833 0.033333
0 0.539062 0.615741 0.008333 0.016667
0 0.212500 0.614815 0.007292 0.012963
0 0.467969 0.371296 0.005729 0.011111
0 0.424479 0.673611 0.019792 0.026852
0 0.250000 0.540741 0.008333 0.011111
0 0.526823 0.542130 0.004687 0.013889
0 0.531771 0.397685 0.006250 0.023148
0 0.446354 0.382407 0.005208 0.011111
0 0.519531 0.532870 0.004687 0.017593
0 0.941406 0.422685 0.008854 0.008333
