0 0.073177 0.952778 0.056771 0.094444
0 0.847135 0.446296 0.010937 0.011111
0 0.711198 0.443981 0.009896 0.010185
0 0.238281 0.552778 0.009896 0.014815
0 0.413021 0.445833 0.010417 0.008333
0 0.015365 0.708796 0.030729 0.034259
0 0.715885 0.420833 0.008854 0.008333
0 0.391667 0.439352 0.009375 0.008333
0 0.552083 0.642593 0.009375 0.014815
0 0.969010 0.604167 0.006771 0.013889
0 0.776302 0.445370 0.009896 0.009259
0 0.590885 0.415278 0.007812 0.008333
0 0.691927 0.414352 0.008854 0.008333
0 0.545052 0.397222 0.008854 0.009259
0 0.534115 0.599074 0.007812 0.014815
0 0.427083 0.667130 0.013542 0.013889
0 0.214844 0.603241 0.006771 0.012037
0 0.499740 0.655556 0.007812 0.022222
0 0.928906 0.375000 0.008854 0.009259
0 0.015365 0.688889 0.030729 0.074074
0 0.289062 0.507407 0.009375 0.011111
0 0.447917 0.519907 0.006250 0.012037
0 0.515885 0.447222 0.005729 0.012963
0 0.106510 0.429167 0.008854 0.008333
0 0.444271 0.435648 0.005208 0.012037
0 0.185677 0.432407 0.007812 0.007407
0 0.256510 0.533333 0.007812 0.011111
0 0.467969 0.405556 0.005729 0.011111
0 0.994271 0.397685 0.011458 0.026852
0 0.303646 0.420370 0.007292 0.009259
0 0.447917 0.512037 0.006250 0.029630
0 0.490885 0.576389 0.005729 0.013889
0 0.212240 0.670370 0.007812 0.012963
