0 0.073438 0.952315 0.056250 0.095370
0 0.792708 0.445370 0.011458 0.011111
0 0.867188 0.416204 0.031250 0.019444
0 0.011458 0.490741 0.022917 0.016667
0 0.653646 0.444444 0.010417 0.011111
0 0.969792 0.605093 0.007292 0.013889
0 0.569792 0.671296 0.010417 0.016667
0 0.546094 0.633796 0.009896 0.017593
0 0.948698 0.427315 0.008854 0.008333
0 0.330469 0.440741 0.007812 0.009259
0 0.966927 0.383796 0.010937 0.010185
0 0.325781 0.750000 0.009896 0.011111
0 0.250521 0.428241 0.008333 0.008333
0 0.446615 0.484259 0.006771 0.016667
0 0.339323 0.224074 0.007812 0.007407
0 0.745052 0.415741 0.008854 0.009259
0 0.502604 0.734259 0.007292 0.022222
0 0.645833 0.414815 0.007292 0.009259
0 0.721615 0.444444 0.008854 0.009259
0 0.775260 0.422222 0.008854 0.007407
0 0.361719 0.447685 0.008854 0.008333
0 0.427604 0.667130 0.013542 0.013889
0 0.273177 0.518519 0.008854 0.011111
0 0.494010 0.708796 0.006771 0.015741
0 0.519792 0.483796 0.006250 0.013889
0 0.527604 0.558333 0.006250 0.011111
0 0.446875 0.368519 0.005208 0.012963
0 0.545312 0.397222 0.008333 0.009259
0 0.164062 0.426852 0.009375 0.007407
0 0.218490 0.693056 0.008854 0.013889
0 0.211198 0.626389 0.006771 0.013889
0 0.468229 0.340278 0.005208 0.010185
0 0.015365 0.708796 0.030729 0.034259
0 0.243750 0.548148 0.008333 0.011111
0 0.945052 0.432407 0.019271 0.014815
0 0.055469 0.921296 0.021354 0.033333
0 0.536979 0.381481 0.025000 0.050000
0 0.994792 0.398148 0.010417 0.027778
0 0.531771 0.394907 0.006250 0.015741
0 0.019271 0.489352 0.008333 0.015741
0 0.531771 0.397685 0.006250 0.021296
0 0.228646 0.572222 0.008333 0.014815
0 0.520052 0.533796 0.006771 0.021296
