0 0.157552 0.483333 0.030729 0.018519
0 0.879687 0.447222 0.011458 0.011111
0 0.966927 0.603241 0.006771 0.013889
0 0.531510 0.418056 0.008854 0.015741
0 0.471615 0.436574 0.005729 0.013889
0 0.064062 0.953704 0.042708 0.092593
0 0.014063 0.711574 0.028125 0.034259
0 0.440885 0.496296 0.005729 0.012963
0 0.146354 0.315741 0.008333 0.009259
0 0.520312 0.489352 0.007292 0.013889
0 0.935937 0.448611 0.009375 0.008333
0 0.571354 0.437963 0.008333 0.009259
0 0.493750 0.465741 0.006250 0.018519
0 0.244271 0.544444 0.008333 0.012963
0 0.281771 0.509259 0.010417 0.011111
0 0.471615 0.370370 0.006771 0.011111
0 0.214062 0.604167 0.007292 0.012037
0 0.527865 0.394907 0.011979 0.013889
0 0.492448 0.466667 0.008854 0.020370
0 0.563021 0.444444 0.009375 0.009259
0 0.507292 0.344444 0.006250 0.014815
0 0.466667 0.663426 0.007292 0.015741
0 0.231510 0.719444 0.008854 0.012963
0 0.117188 0.435185 0.009375 0.009259
0 0.530990 0.406944 0.008854 0.039815
0 0.053385 0.923148 0.020313 0.031481
0 0.542969 0.397685 0.009896 0.008333
0 0.304427 0.381944 0.009896 0.015741
0 0.428906 0.254630 0.007812 0.011111
0 0.438542 0.540278 0.006250 0.013889
0 0.161198 0.368056 0.006771 0.010185
0 0.155990 0.450926 0.009896 0.011111
0 0.566927 0.441204 0.017188 0.015741
0 0.130729 0.428241 0.007292 0.008333
0 0.425781 0.668056 0.013021 0.013889
0 0.993229 0.385185 0.013542 0.037037
0 0.465885 0.466667 0.006771 0.011111
0 0.444792 0.649537 0.006250 0.013889
0 0.120573 0.459722 0.009896 0.008333
0 0.510938 0.417593 0.005208 0.009259
0 0.749740 0.421296 0.008854 0.009259
