0 0.636198 0.414352 0.031771 0.021296
0 0.965885 0.602315 0.006771 0.013889
0 0.472396 0.522685 0.007292 0.013889
0 0.066146 0.463889 0.009375 0.009259
0 0.273438 0.446296 0.010417 0.009259
0 0.062760 0.954630 0.040104 0.090741
0 0.231250 0.562500 0.009375 0.013889
0 0.435937 0.562500 0.006250 0.013889
0 0.662240 0.444907 0.008854 0.008333
0 0.992708 0.400463 0.014583 0.030556
0 0.691927 0.437500 0.008854 0.008333
0 0.052344 0.925000 0.019271 0.031481
0 0.472917 0.607870 0.006250 0.015741
0 0.927344 0.424537 0.008854 0.008333
0 0.991146 0.450463 0.010417 0.010185
0 0.507552 0.347222 0.005729 0.012963
0 0.213021 0.455556 0.010417 0.007407
0 0.514062 0.467130 0.007292 0.015741
0 0.272135 0.516667 0.008854 0.011111
0 0.470313 0.444444 0.006250 0.011111
0 0.211458 0.666667 0.007292 0.014815
0 0.533333 0.397222 0.026042 0.020370
0 0.526042 0.397685 0.011458 0.021296
0 0.541927 0.379630 0.008854 0.046296
0 0.425000 0.668981 0.012500 0.013889
0 0.067187 0.348148 0.009375 0.009259
0 0.525781 0.394444 0.009896 0.012963
0 0.512500 0.418519 0.006250 0.012963
0 0.541667 0.398611 0.009375 0.008333
0 0.425000 0.416667 0.007292 0.011111
0 0.465625 0.628241 0.008333 0.013889
0 0.426302 0.612037 0.006771 0.016667
0 0.316406 0.419907 0.008854 0.008333
0 0.564323 0.420833 0.007812 0.010185
0 0.406771 0.424537 0.009375 0.008333
0 0.489323 0.365278 0.005729 0.013889
0 0.314583 0.450000 0.008333 0.007407
0 0.466406 0.911574 0.006771 0.019444
0 0.012240 0.437037 0.007812 0.007407
0 0.159635 0.368519 0.006771 0.011111
0 0.441406 0.320370 0.005729 0.009259
0 0.488802 0.365741 0.006771 0.014815
0 0.501042 0.761111 0.007292 0.014815
0 0.305990 0.451389 0.013021 0.010185
0 0.507031 0.351852 0.006771 0.018519
0 0.236719 0.477778 0.006771 0.016667
0 0.517708 0.533796 0.007292 0.021296
0 0.479167 0.478704 0.005208 0.011111
0 0.992708 0.398611 0.014583 0.034259
