0 0.655729 0.414352 0.031250 0.025000
0 0.514062 0.437500 0.007292 0.015741
0 0.517188 0.485648 0.008333 0.015741
0 0.052604 0.924537 0.019792 0.032407
0 0.472656 0.481019 0.006771 0.013889
0 0.438542 0.544907 0.007292 0.015741
0 0.087760 0.340278 0.008854 0.010185
0 0.042448 0.434722 0.007812 0.008333
0 0.190104 0.456019 0.010417 0.008333
0 0.526302 0.394444 0.010937 0.014815
0 0.472135 0.559722 0.006771 0.015741
0 0.214062 0.681019 0.007292 0.013889
0 0.037760 0.465741 0.009896 0.009259
0 0.425000 0.668981 0.012500 0.013889
0 0.244531 0.446759 0.009896 0.010185
0 0.344531 0.420370 0.008854 0.009259
0 0.965885 0.602778 0.006771 0.012963
0 0.638021 0.444444 0.008333 0.009259
0 0.015885 0.442593 0.009896 0.009259
0 0.954948 0.426852 0.008854 0.007407
0 0.265104 0.521759 0.008333 0.012037
0 0.429688 0.594444 0.006250 0.016667
0 0.442969 0.725926 0.006771 0.016667
0 0.507552 0.364815 0.005729 0.011111
0 0.541927 0.379630 0.008854 0.046296
0 0.596094 0.420370 0.007812 0.009259
0 0.490365 0.387963 0.004687 0.014815
0 0.541927 0.398611 0.009896 0.008333
0 0.502865 0.816667 0.007812 0.016667
0 0.466406 0.840741 0.006771 0.018519
0 0.013802 0.712500 0.027604 0.034259
0 0.220312 0.479167 0.007292 0.015741
0 0.063021 0.954167 0.040625 0.091667
0 0.441146 0.302778 0.005208 0.011111
0 0.533854 0.397222 0.026042 0.020370
0 0.159896 0.368519 0.007292 0.011111
0 0.661979 0.437037 0.007292 0.011111
0 0.465365 0.584259 0.007812 0.012963
0 0.963542 0.449074 0.010417 0.009259
0 0.308073 0.377778 0.004687 0.018519
0 0.954948 0.426389 0.008854 0.010185
0 0.295833 0.506481 0.006250 0.020370
0 0.475260 0.480556 0.013021 0.012963
0 0.226042 0.572685 0.009375 0.013889
0 0.992708 0.392130 0.014583 0.049074
