0 0.732292 0.414352 0.032292 0.021296
0 0.539323 0.441667 0.011979 0.014815
0 0.851823 0.447222 0.010937 0.011111
0 0.021354 0.437500 0.011458 0.015741
0 0.966927 0.603241 0.006771 0.013889
0 0.237760 0.552778 0.008854 0.011111
0 0.273958 0.515278 0.010417 0.012037
0 0.441927 0.479167 0.005729 0.012037
0 0.526563 0.556019 0.008333 0.015741
0 0.053385 0.923148 0.021354 0.031481
0 0.212240 0.615278 0.007812 0.013889
0 0.465885 0.430556 0.006771 0.011111
0 0.543490 0.397222 0.009896 0.007407
0 0.467448 0.612963 0.006771 0.014815
0 0.165365 0.307407 0.008854 0.011111
0 0.983594 0.450000 0.009896 0.011111
0 0.064323 0.953704 0.043229 0.092593
0 0.512760 0.434259 0.005729 0.009259
0 0.014323 0.711111 0.028646 0.035185
0 0.557813 0.415278 0.008333 0.008333
0 0.097135 0.461574 0.010937 0.008333
0 0.494792 0.494444 0.006250 0.016667
0 0.909375 0.448148 0.009375 0.009259
0 0.560156 0.418056 0.014063 0.013889
0 0.777604 0.421296 0.009375 0.009259
0 0.240365 0.730093 0.008854 0.012037
0 0.993490 0.392130 0.013021 0.050926
0 0.493490 0.494444 0.008854 0.018519
0 0.563281 0.420833 0.007812 0.010185
0 0.835417 0.341667 0.008333 0.009259
0 0.425781 0.668056 0.013021 0.013889
0 0.445573 0.624537 0.006771 0.015741
0 0.472135 0.400463 0.006771 0.012037
0 0.151823 0.482870 0.007812 0.015741
0 0.150260 0.434259 0.008854 0.009259
0 0.530208 0.398148 0.006250 0.022222
0 0.159375 0.427315 0.008333 0.008333
0 0.471875 0.336574 0.006250 0.012037
0 0.125521 0.452778 0.010417 0.011111
0 0.540885 0.438889 0.008854 0.009259
0 0.304688 0.382407 0.010417 0.014815
0 0.522396 0.509259 0.005208 0.014815
0 0.440104 0.522685 0.005208 0.013889
0 0.295052 0.504167 0.006771 0.013889
0 0.527604 0.394444 0.011458 0.012963
0 0.538542 0.443981 0.010417 0.010185
0 0.161979 0.368056 0.006250 0.010185
0 0.534375 0.396759 0.025000 0.019444
