0 0.935417 0.447685 0.010417 0.010185
0 0.612500 0.444444 0.009375 0.009259
0 0.071094 0.954167 0.056771 0.091667
0 0.471615 0.441667 0.005729 0.011111
0 0.631510 0.437500 0.007812 0.008333
0 0.982812 0.426852 0.008333 0.007407
0 0.425000 0.668056 0.012500 0.013889
0 0.107813 0.332407 0.008333 0.009259
0 0.966406 0.602778 0.007812 0.014815
0 0.166927 0.456944 0.009896 0.008333
0 0.526563 0.395370 0.011458 0.014815
0 0.515365 0.455093 0.007812 0.015741
0 0.049740 0.439815 0.008854 0.007407
0 0.439583 0.527315 0.006250 0.013889
0 0.261458 0.452778 0.013542 0.009259
0 0.215104 0.448148 0.010417 0.009259
0 0.471615 0.516667 0.006771 0.012963
0 0.014063 0.711574 0.028125 0.036111
0 0.371354 0.418519 0.008333 0.009259
0 0.071615 0.433333 0.007812 0.007407
0 0.270833 0.451852 0.008333 0.007407
0 0.009635 0.467130 0.009896 0.008333
0 0.189323 0.484259 0.035937 0.022222
0 0.542188 0.379630 0.009375 0.046296
0 0.504167 0.876852 0.007292 0.016667
0 0.257031 0.529167 0.008854 0.012037
0 0.218490 0.695370 0.007812 0.012963
0 0.052865 0.924074 0.020313 0.031481
0 0.508333 0.381944 0.005208 0.008333
0 0.466667 0.777315 0.007292 0.017593
0 0.438281 0.284259 0.005729 0.011111
0 0.433854 0.577315 0.005208 0.013889
0 0.491667 0.413426 0.005208 0.015741
0 0.465365 0.541667 0.006771 0.012963
0 0.533854 0.381944 0.026042 0.049074
0 0.542448 0.397685 0.009896 0.008333
0 0.628906 0.419907 0.008854 0.008333
0 0.008594 0.764815 0.017188 0.046296
0 0.989844 0.450000 0.008854 0.007407
0 0.992969 0.389352 0.014063 0.043519
0 0.221354 0.582870 0.008333 0.013889
0 0.005729 0.799537 0.011458 0.017593
