0 0.693490 0.412500 0.031771 0.019444
0 0.471875 0.474537 0.006250 0.013889
0 0.907813 0.447222 0.011458 0.011111
0 0.492188 0.438426 0.006250 0.017593
0 0.143490 0.458333 0.010937 0.009259
0 0.440365 0.511111 0.005729 0.012963
0 0.966667 0.603241 0.007292 0.013889
0 0.070833 0.953704 0.056250 0.092593
0 0.587760 0.443981 0.008854 0.008333
0 0.510156 0.327778 0.017188 0.025926
0 0.250521 0.535648 0.008333 0.013889
0 0.601562 0.438426 0.008333 0.008333
0 0.517708 0.472222 0.008333 0.014815
0 0.425521 0.668519 0.012500 0.014815
0 0.542448 0.378704 0.008854 0.046296
0 0.992969 0.399074 0.014063 0.029630
0 0.172396 0.484722 0.036458 0.023148
0 0.527344 0.394444 0.011979 0.012963
0 0.399219 0.418519 0.008854 0.009259
0 0.436198 0.558796 0.005729 0.013889
0 0.053385 0.923148 0.020313 0.031481
0 0.471615 0.404630 0.006771 0.012963
0 0.290365 0.503704 0.009896 0.012963
0 0.466667 0.718056 0.007292 0.017593
0 0.014063 0.711111 0.028125 0.035185
0 0.510938 0.324074 0.018750 0.018519
0 0.186198 0.448148 0.009896 0.009259
0 0.127083 0.324074 0.008333 0.009259
0 0.465625 0.502315 0.007292 0.012037
0 0.491146 0.439352 0.008333 0.017593
0 0.083594 0.437037 0.008854 0.009259
0 0.434635 0.269907 0.006771 0.010185
0 0.509635 0.399537 0.005729 0.010185
0 0.224219 0.707870 0.007812 0.013889
0 0.963281 0.449074 0.008854 0.007407
0 0.721354 0.420370 0.008333 0.009259
0 0.660937 0.420370 0.008333 0.009259
0 0.217448 0.593056 0.007812 0.013889
0 0.101562 0.431481 0.008333 0.007407
0 0.542448 0.397685 0.009896 0.008333
0 0.444531 0.674074 0.006771 0.014815
0 0.522396 0.519444 0.005208 0.011111
