0 0.578125 0.412963 0.032292 0.020370
0 0.964583 0.602315 0.007292 0.013889
0 0.532552 0.382870 0.025521 0.050926
0 0.525521 0.397685 0.010417 0.021296
0 0.736719 0.444444 0.008854 0.009259
0 0.150000 0.458333 0.009375 0.009259
0 0.540885 0.378704 0.008854 0.046296
0 0.424479 0.668981 0.012500 0.013889
0 0.496354 0.615741 0.006250 0.012963
0 0.844531 0.422222 0.008854 0.011111
0 0.280729 0.453241 0.010417 0.008333
0 0.311198 0.427315 0.008854 0.008333
0 0.233073 0.425000 0.008854 0.007407
0 0.485938 0.300926 0.007292 0.014815
0 0.508333 0.365741 0.006250 0.012963
0 0.569792 0.413426 0.015625 0.017593
0 0.409375 0.666204 0.007292 0.013889
0 0.525521 0.395370 0.010417 0.014815
0 0.210677 0.622222 0.006771 0.012963
0 0.472656 0.665741 0.007812 0.016667
0 0.359896 0.443056 0.010417 0.010185
0 0.509115 0.414352 0.005729 0.012037
0 0.470573 0.571296 0.006771 0.012963
0 0.051823 0.925926 0.020313 0.033333
0 0.251563 0.534259 0.010417 0.012963
0 0.344531 0.420370 0.008854 0.009259
0 0.061458 0.954630 0.040625 0.090741
0 0.442188 0.384259 0.005208 0.011111
0 0.428125 0.612963 0.008333 0.016667
0 0.474219 0.771296 0.007812 0.020370
0 0.533073 0.397222 0.025521 0.020370
0 0.781771 0.438426 0.008333 0.008333
0 0.158594 0.368056 0.006771 0.010185
0 0.540885 0.397685 0.009896 0.008333
0 0.570312 0.411111 0.008333 0.014815
0 0.371875 0.448148 0.011458 0.009259
0 0.992188 0.381019 0.015625 0.030556
0 0.466146 0.782407 0.009375 0.018519
