0 0.964323 0.601389 0.006771 0.013889
0 0.761458 0.444907 0.008333 0.008333
0 0.303385 0.451852 0.008854 0.007407
0 0.423958 0.668981 0.012500 0.013889
0 0.279167 0.428704 0.008333 0.009259
0 0.177344 0.456944 0.008854 0.010185
0 0.559115 0.412500 0.031771 0.019444
0 0.817448 0.421759 0.007812 0.008333
0 0.423177 0.630093 0.007812 0.013889
0 0.472656 0.720833 0.007812 0.017593
0 0.213281 0.607870 0.007812 0.013889
0 0.494792 0.574074 0.006250 0.012963
0 0.317969 0.419907 0.008854 0.008333
0 0.401302 0.681481 0.008854 0.014815
0 0.204948 0.425463 0.008854 0.008333
0 0.389062 0.442593 0.009375 0.011111
0 0.812240 0.439815 0.007812 0.009259
0 0.051302 0.925463 0.020313 0.032407
0 0.259635 0.528704 0.009896 0.011111
0 0.525260 0.395370 0.009896 0.014815
0 0.396094 0.445370 0.023438 0.014815
0 0.471354 0.619907 0.007292 0.013889
0 0.506250 0.348148 0.005208 0.014815
0 0.485677 0.280556 0.006771 0.014815
0 0.540365 0.397685 0.009896 0.008333
0 0.158594 0.368519 0.006771 0.011111
0 0.992188 0.386574 0.015625 0.010185
0 0.403385 0.447222 0.008854 0.007407
0 0.532813 0.382870 0.023958 0.050926
0 0.991146 0.387500 0.013542 0.008333
0 0.279167 0.429167 0.008333 0.012037
0 0.297656 0.474537 0.006771 0.012037
0 0.507812 0.395833 0.006250 0.012037
0 0.442448 0.408796 0.004687 0.012037
0 0.527604 0.397685 0.005208 0.023148
0 0.061458 0.955093 0.040625 0.089815
0 0.474479 0.836574 0.008333 0.019444
