0 0.964063 0.601389 0.006250 0.013889
0 0.811719 0.446296 0.009896 0.009259
0 0.527344 0.406481 0.017188 0.035185
0 0.957812 0.380556 0.013542 0.009259
0 0.442708 0.462500 0.006250 0.013889
0 0.411458 0.665741 0.008333 0.014815
0 0.222396 0.580556 0.007292 0.011111
0 0.473698 0.846296 0.007812 0.018519
0 0.762240 0.419907 0.007812 0.008333
0 0.525260 0.394444 0.010937 0.012963
0 0.148438 0.429630 0.009375 0.009259
0 0.275781 0.516667 0.009896 0.011111
0 0.232031 0.454630 0.008854 0.009259
0 0.527865 0.412963 0.017188 0.020370
0 0.213281 0.433333 0.008854 0.009259
0 0.347917 0.450000 0.010417 0.007407
0 0.872396 0.440741 0.007292 0.009259
0 0.263542 0.423611 0.009375 0.008333
0 0.491927 0.499074 0.005729 0.011111
0 0.423958 0.669444 0.012500 0.012963
0 0.505208 0.361574 0.006250 0.013889
0 0.060417 0.955556 0.041667 0.088889
0 0.443229 0.359722 0.005208 0.012037
0 0.381250 0.710648 0.009375 0.013889
0 0.157812 0.369444 0.007292 0.011111
0 0.483594 0.243981 0.004687 0.012037
0 0.050260 0.926852 0.021354 0.033333
0 0.476042 0.984259 0.008333 0.022222
0 0.465365 0.975926 0.008854 0.024074
0 0.512500 0.510648 0.008333 0.023148
