0 0.540104 0.391204 0.031250 0.065741
0 0.786719 0.445370 0.008854 0.007407
0 0.416667 0.445370 0.011458 0.016667
0 0.964323 0.601389 0.006771 0.013889
0 0.442448 0.434722 0.005729 0.012037
0 0.789583 0.420370 0.009375 0.009259
0 0.217448 0.593519 0.007812 0.012963
0 0.418229 0.649074 0.007292 0.014815
0 0.177344 0.427778 0.007812 0.007407
0 0.540104 0.410648 0.031250 0.025000
0 0.842708 0.440278 0.008333 0.010185
0 0.246875 0.431019 0.010417 0.008333
0 0.267969 0.520370 0.010937 0.011111
0 0.326042 0.450926 0.009375 0.007407
0 0.204948 0.455556 0.008854 0.009259
0 0.290885 0.422222 0.008854 0.009259
0 0.493490 0.535648 0.005729 0.012037
0 0.473698 0.781019 0.007812 0.019444
0 0.525000 0.394907 0.010417 0.013889
0 0.475260 0.906944 0.008854 0.021296
0 0.050521 0.927315 0.020833 0.034259
0 0.391927 0.697685 0.009896 0.015741
0 0.465885 0.905556 0.008854 0.024074
0 0.060677 0.955093 0.041146 0.089815
0 0.484635 0.261574 0.004687 0.013889
0 0.471875 0.672222 0.007292 0.014815
0 0.403646 0.424074 0.008333 0.009259
0 0.512500 0.510648 0.008333 0.023148
0 0.439063 0.901852 0.007292 0.020370
0 0.158594 0.368981 0.005729 0.010185
0 0.423958 0.669444 0.012500 0.012963
0 0.506510 0.379630 0.005729 0.011111
0 0.311198 0.473611 0.006771 0.012037
0 0.444531 0.339352 0.005729 0.012037
0 0.305729 0.377778 0.005208 0.018519
0 0.503125 0.330556 0.031250 0.029630
