0 0.616927 0.413889 0.031771 0.022222
0 0.512500 0.447685 0.006250 0.015741
0 0.965104 0.602315 0.007292 0.013889
0 0.434115 0.578704 0.006771 0.014815
0 0.472656 0.567593 0.007812 0.014815
0 0.499219 0.708796 0.006771 0.015741
0 0.687240 0.444444 0.008854 0.009259
0 0.062240 0.954630 0.041146 0.090741
0 0.045312 0.356019 0.009375 0.010185
0 0.094271 0.461574 0.009375 0.010185
0 0.051823 0.925463 0.020313 0.032407
0 0.424479 0.668981 0.012500 0.013889
0 0.526042 0.397222 0.011458 0.020370
0 0.235417 0.455093 0.010417 0.008333
0 0.302344 0.445370 0.009896 0.009259
0 0.473177 0.657870 0.006771 0.017593
0 0.465365 0.676852 0.007812 0.014815
0 0.721354 0.437500 0.008333 0.008333
0 0.280469 0.509722 0.008854 0.012037
0 0.900000 0.423611 0.009375 0.008333
0 0.288802 0.421759 0.008854 0.008333
0 0.421354 0.631944 0.007292 0.015741
0 0.397917 0.418519 0.009375 0.009259
0 0.541146 0.397685 0.009375 0.008333
0 0.209896 0.651389 0.007292 0.013889
0 0.525781 0.394907 0.010937 0.013889
0 0.375521 0.425463 0.010417 0.008333
0 0.509635 0.327778 0.019271 0.025926
0 0.501563 0.337037 0.035417 0.044444
0 0.512500 0.449074 0.006250 0.012963
0 0.470833 0.483333 0.006250 0.011111
0 0.236979 0.553704 0.010417 0.012963
0 0.510677 0.401389 0.006771 0.013889
0 0.533073 0.396296 0.025521 0.018519
0 0.526563 0.481019 0.005208 0.026852
0 0.328125 0.450000 0.012500 0.009259
0 0.532552 0.420833 0.007812 0.010185
0 0.509115 0.323148 0.018229 0.016667
0 0.336979 0.449074 0.009375 0.007407
0 0.306771 0.377778 0.006250 0.018519
0 0.252344 0.477315 0.006771 0.015741
0 0.528385 0.397222 0.006771 0.022222
