0 0.964844 0.602315 0.006771 0.013889
0 0.121875 0.459722 0.009375 0.010185
0 0.258333 0.454167 0.010417 0.008333
0 0.472396 0.614352 0.007292 0.015741
0 0.510677 0.431481 0.005729 0.011111
0 0.712240 0.444907 0.008854 0.008333
0 0.343229 0.426852 0.009375 0.007407
0 0.023698 0.363426 0.008854 0.010185
0 0.431250 0.595833 0.007292 0.015741
0 0.872656 0.422685 0.008854 0.008333
0 0.497917 0.661574 0.006250 0.013889
0 0.424479 0.668981 0.012500 0.013889
0 0.051823 0.925000 0.020313 0.031481
0 0.260677 0.423611 0.008854 0.008333
0 0.473438 0.711574 0.007292 0.019444
0 0.209635 0.636111 0.006771 0.014815
0 0.508594 0.383796 0.005729 0.012037
0 0.371094 0.418519 0.008854 0.009259
0 0.466406 0.727315 0.008854 0.015741
0 0.244010 0.543981 0.009896 0.013889
0 0.289062 0.504630 0.009375 0.011111
0 0.598437 0.412037 0.030208 0.018519
0 0.486719 0.321296 0.007812 0.014815
0 0.330990 0.443519 0.009896 0.009259
0 0.415365 0.649537 0.006771 0.015741
0 0.532813 0.383333 0.026042 0.051852
0 0.470573 0.525926 0.006771 0.012963
0 0.487760 0.321296 0.005729 0.012963
0 0.341927 0.320370 0.006771 0.011111
0 0.350521 0.449074 0.013542 0.009259
0 0.992188 0.401852 0.015625 0.025926
0 0.751302 0.438426 0.007812 0.008333
0 0.158854 0.368056 0.006250 0.010185
0 0.061979 0.954630 0.040625 0.090741
0 0.439583 0.809722 0.007292 0.017593
0 0.267969 0.476389 0.006771 0.015741
0 0.509115 0.320833 0.020313 0.013889
0 0.533073 0.397685 0.025521 0.023148
