0 0.963802 0.601389 0.006771 0.013889
0 0.835938 0.446296 0.009375 0.009259
0 0.734375 0.420370 0.009375 0.009259
0 0.524740 0.395370 0.010937 0.012963
0 0.259115 0.453704 0.008854 0.009259
0 0.403906 0.681944 0.008854 0.015741
0 0.120313 0.431944 0.009375 0.008333
0 0.229427 0.567593 0.007812 0.011111
0 0.491406 0.464815 0.005729 0.011111
0 0.902604 0.441204 0.007292 0.008333
0 0.442969 0.491667 0.005729 0.012963
0 0.368750 0.724074 0.010417 0.012963
0 0.423438 0.669444 0.012500 0.014815
0 0.017708 0.468981 0.010417 0.008333
0 0.235937 0.425000 0.008333 0.009259
0 0.991406 0.399537 0.017188 0.030556
0 0.539844 0.397685 0.009896 0.008333
0 0.180469 0.434259 0.008854 0.009259
0 0.539062 0.379630 0.010417 0.044444
0 0.050260 0.929167 0.021354 0.036111
0 0.286198 0.508333 0.010937 0.011111
0 0.442448 0.381944 0.005729 0.012037
0 0.060156 0.955556 0.041146 0.088889
0 0.157552 0.369907 0.006771 0.010185
0 0.482812 0.225463 0.006250 0.013889
0 0.532552 0.397685 0.024479 0.019444
0 0.338281 0.426852 0.008854 0.007407
0 0.337760 0.472222 0.007812 0.009259
0 0.512500 0.510648 0.008333 0.023148
