0 0.623698 0.419907 0.009896 0.010185
0 0.538802 0.379630 0.008854 0.046296
0 0.264323 0.525463 0.008854 0.012037
0 0.358854 0.734722 0.011458 0.013889
0 0.935677 0.447685 0.008854 0.008333
0 0.438021 0.468519 0.005208 0.014815
0 0.421615 0.414815 0.024479 0.016667
0 0.125521 0.432407 0.009375 0.009259
0 0.588021 0.437500 0.009375 0.008333
0 0.422656 0.668981 0.011979 0.013889
0 0.871354 0.355556 0.009375 0.009259
0 0.048958 0.928704 0.021875 0.033333
0 0.962240 0.600926 0.006771 0.012963
0 0.205729 0.432870 0.009375 0.010185
0 0.006250 0.439352 0.009375 0.008333
0 0.312240 0.753704 0.008854 0.009259
0 0.133854 0.461111 0.010417 0.009259
0 0.364323 0.449537 0.007812 0.008333
0 0.533333 0.383333 0.020833 0.051852
0 0.040625 0.496296 0.010417 0.009259
0 0.046615 0.443981 0.009896 0.008333
0 0.548438 0.445370 0.012500 0.009259
0 0.539323 0.398611 0.008854 0.008333
0 0.441667 0.628704 0.006250 0.016667
0 0.557292 0.444444 0.008333 0.007407
0 0.990625 0.390278 0.018750 0.050926
0 0.532552 0.398611 0.022396 0.021296
0 0.526563 0.398611 0.006250 0.023148
0 0.523958 0.395370 0.011458 0.014815
