0 0.530990 0.438426 0.009896 0.010185
0 0.885677 0.447222 0.008854 0.009259
0 0.963281 0.601389 0.006771 0.013889
0 0.311458 0.452315 0.008333 0.008333
0 0.063802 0.435648 0.008854 0.008333
0 0.181510 0.428704 0.008854 0.007407
0 0.679167 0.419907 0.008333 0.008333
0 0.244792 0.544907 0.007292 0.012037
0 0.075781 0.464815 0.009896 0.009259
0 0.272396 0.428704 0.008333 0.009259
0 0.114323 0.438426 0.008854 0.010185
0 0.962760 0.441667 0.007812 0.007407
0 0.539062 0.380093 0.009375 0.047222
0 0.442708 0.555556 0.006250 0.014815
0 0.384115 0.712037 0.010937 0.016667
0 0.049740 0.929167 0.021354 0.034259
0 0.906510 0.367593 0.013021 0.009259
0 0.502344 0.318056 0.007812 0.013889
0 0.422917 0.669907 0.012500 0.013889
0 0.341146 0.743519 0.010417 0.011111
0 0.539062 0.399074 0.009375 0.009259
0 0.415104 0.449537 0.009375 0.008333
0 0.440104 0.424537 0.005208 0.012037
0 0.526302 0.399074 0.006771 0.022222
0 0.440104 0.426852 0.004167 0.007407
0 0.481771 0.192593 0.005208 0.011111
0 0.524219 0.396296 0.010937 0.014815
0 0.488802 0.400926 0.004687 0.009259
