0 0.963802 0.601389 0.006771 0.013889
0 0.706510 0.420370 0.008854 0.009259
0 0.285938 0.452778 0.008333 0.007407
0 0.860677 0.446296 0.008854 0.009259
0 0.539583 0.380093 0.009375 0.045370
0 0.092708 0.432870 0.009375 0.008333
0 0.046875 0.466667 0.010417 0.009259
0 0.208854 0.427315 0.008333 0.008333
0 0.933073 0.441204 0.007812 0.008333
0 0.236719 0.555556 0.008854 0.011111
0 0.923958 0.372222 0.013542 0.009259
0 0.147396 0.436574 0.008333 0.008333
0 0.049479 0.928241 0.021875 0.034259
0 0.442708 0.523611 0.006250 0.013889
0 0.355469 0.734259 0.010937 0.012963
0 0.524479 0.396296 0.010417 0.014815
0 0.539323 0.398148 0.009896 0.009259
0 0.508073 0.339815 0.018229 0.048148
0 0.395052 0.697685 0.009896 0.017593
0 0.423177 0.669907 0.013021 0.013889
0 0.526042 0.399074 0.007292 0.022222
0 0.305208 0.427315 0.008333 0.008333
0 0.481510 0.208796 0.006771 0.012037
0 0.489583 0.431944 0.005208 0.010185
0 0.392969 0.449074 0.009896 0.007407
0 0.501563 0.284259 0.006250 0.011111
0 0.502865 0.325000 0.008854 0.018519
0 0.502083 0.335185 0.031250 0.038889
0 0.348698 0.471296 0.005729 0.007407
0 0.539062 0.380093 0.010417 0.045370
0 0.538281 0.371759 0.007812 0.028704
0 0.991406 0.390278 0.017188 0.049074
0 0.532292 0.399074 0.025000 0.020370
