0 0.364844 0.418519 0.032813 0.020370
0 0.617969 0.443519 0.018229 0.011111
0 0.070573 0.465278 0.010937 0.012037
0 0.541146 0.419907 0.009375 0.008333
0 0.502344 0.873148 0.007812 0.035185
0 0.674219 0.436111 0.008854 0.009259
0 0.422396 0.669444 0.012500 0.014815
0 0.041667 0.437500 0.009375 0.008333
0 0.048958 0.930093 0.021875 0.034259
0 0.961719 0.600000 0.006771 0.014815
0 0.909115 0.416667 0.008854 0.007407
0 0.218750 0.455556 0.009375 0.009259
0 0.502083 0.865278 0.007292 0.019444
0 0.118750 0.490741 0.010417 0.011111
0 0.265885 0.751852 0.009896 0.009259
0 0.058333 0.956481 0.040625 0.087037
0 0.104948 0.438889 0.008854 0.009259
0 0.919010 0.423611 0.008854 0.008333
0 0.611979 0.472222 0.010417 0.009259
0 0.967969 0.382870 0.009896 0.008333
0 0.301042 0.380093 0.011458 0.023148
0 0.224479 0.426389 0.008333 0.010185
0 0.523177 0.395833 0.010937 0.017593
0 0.440365 0.759722 0.006771 0.017593
0 0.538802 0.398148 0.008854 0.009259
0 0.525521 0.398148 0.007292 0.022222
0 0.316927 0.756019 0.008854 0.008333
0 0.995313 0.425463 0.009375 0.008333
0 0.478646 0.116667 0.006250 0.011111
0 0.530469 0.397685 0.025521 0.021296
0 0.532552 0.382407 0.021354 0.051852
0 0.969792 0.395370 0.010417 0.009259
0 0.434896 0.531944 0.006250 0.013889
0 0.824740 0.335648 0.013021 0.010185
0 0.495833 0.195833 0.005208 0.010185
