0 0.330469 0.752778 0.010937 0.012963
0 0.385677 0.417130 0.030729 0.019444
0 0.569010 0.420370 0.008854 0.009259
0 0.503646 0.915741 0.007292 0.037037
0 0.538281 0.380093 0.009896 0.047222
0 0.440625 0.712963 0.007292 0.016667
0 0.959896 0.394907 0.008333 0.010185
0 0.935937 0.417593 0.008333 0.007407
0 0.961719 0.600463 0.006771 0.013889
0 0.070052 0.435185 0.008854 0.009259
0 0.947656 0.425000 0.009896 0.007407
0 0.645573 0.436111 0.008854 0.009259
0 0.190104 0.457407 0.009375 0.009259
0 0.041927 0.467130 0.010937 0.010185
0 0.840365 0.342130 0.011979 0.010185
0 0.422396 0.669444 0.012500 0.014815
0 0.435937 0.512037 0.006250 0.012963
0 0.285677 0.509259 0.007812 0.011111
0 0.048958 0.928704 0.021875 0.031481
0 0.093490 0.492130 0.009896 0.010185
0 0.415885 0.447685 0.007812 0.010185
0 0.503385 0.907870 0.006771 0.021296
0 0.301302 0.380093 0.011979 0.023148
0 0.139063 0.435648 0.008333 0.008333
0 0.280208 0.756481 0.010417 0.011111
0 0.538542 0.399074 0.009375 0.009259
0 0.984635 0.448611 0.008854 0.008333
0 0.989062 0.399537 0.009375 0.013889
0 0.986458 0.394907 0.014583 0.025000
0 0.523698 0.396296 0.010937 0.016667
0 0.479167 0.130556 0.006250 0.011111
0 0.983854 0.386574 0.009375 0.008333
0 0.532813 0.383333 0.020833 0.051852
0 0.530729 0.398611 0.026042 0.021296
0 0.525781 0.398148 0.006771 0.022222
0 0.530208 0.382870 0.026042 0.050926
0 0.592448 0.443981 0.011979 0.010185
0 0.584375 0.825463 0.007292 0.015741
0 0.419271 0.675926 0.018750 0.027778
