0 0.910417 0.447685 0.009375 0.008333
0 0.538802 0.380093 0.008854 0.045370
0 0.559635 0.437963 0.009896 0.009259
0 0.337760 0.450463 0.007812 0.008333
0 0.651823 0.419444 0.008854 0.009259
0 0.962760 0.600926 0.006771 0.012963
0 0.104948 0.462963 0.009896 0.009259
0 0.153906 0.430556 0.008854 0.009259
0 0.035156 0.437037 0.008854 0.009259
0 0.371354 0.724074 0.010417 0.014815
0 0.080208 0.441204 0.009375 0.008333
0 0.254427 0.534259 0.007812 0.011111
0 0.239063 0.430556 0.009375 0.009259
0 0.049479 0.929167 0.021875 0.034259
0 0.441927 0.592593 0.005729 0.012963
0 0.993229 0.442130 0.007292 0.008333
0 0.526302 0.445370 0.010937 0.009259
0 0.439063 0.447685 0.006250 0.012037
0 0.889583 0.362037 0.012500 0.009259
0 0.422917 0.669907 0.012500 0.013889
0 0.534896 0.445370 0.009375 0.007407
0 0.539062 0.398148 0.009375 0.009259
0 0.501302 0.298611 0.005729 0.010185
0 0.326562 0.750000 0.010417 0.011111
0 0.013542 0.498148 0.009375 0.009259
0 0.487760 0.370833 0.004687 0.008333
0 0.344010 0.423148 0.008854 0.011111
0 0.526302 0.399074 0.006771 0.022222
