0 0.345052 0.744907 0.010937 0.013889
0 0.857031 0.350000 0.013021 0.011111
0 0.097917 0.434259 0.009375 0.007407
0 0.404167 0.417593 0.033333 0.020370
0 0.570573 0.444444 0.013021 0.011111
0 0.981510 0.393981 0.014063 0.021296
0 0.274740 0.517130 0.008854 0.012037
0 0.962240 0.600463 0.006771 0.013889
0 0.504948 0.961574 0.007812 0.037963
0 0.162240 0.459259 0.010937 0.009259
0 0.617448 0.436574 0.009896 0.010185
0 0.441406 0.668981 0.006771 0.015741
0 0.595833 0.419907 0.009375 0.010185
0 0.437500 0.489352 0.006250 0.015741
0 0.067708 0.493519 0.010417 0.011111
0 0.172396 0.433796 0.009375 0.010185
0 0.389844 0.448611 0.007812 0.008333
0 0.011979 0.469444 0.011458 0.009259
0 0.422396 0.669444 0.012500 0.014815
0 0.959896 0.447685 0.009375 0.008333
0 0.048958 0.928704 0.021875 0.033333
0 0.504948 0.953241 0.007812 0.021296
0 0.497135 0.224074 0.005729 0.011111
0 0.533073 0.383333 0.020313 0.051852
0 0.479948 0.144444 0.005729 0.011111
0 0.511719 0.511111 0.008854 0.022222
0 0.986198 0.398611 0.023438 0.030556
0 0.532552 0.398148 0.022396 0.020370
0 0.499219 0.267130 0.005729 0.010185
0 0.533073 0.383333 0.021354 0.051852
0 0.526302 0.398611 0.005729 0.023148
0 0.058854 0.956481 0.041667 0.087037
0 0.538802 0.398611 0.008854 0.010185
