0 0.961719 0.599537 0.006771 0.013889
0 0.622656 0.471759 0.018229 0.012037
0 0.538021 0.380093 0.009375 0.047222
0 0.550000 0.445370 0.010417 0.007407
0 0.100000 0.463889 0.010417 0.009259
0 0.247135 0.455093 0.009896 0.008333
0 0.881771 0.416204 0.008333 0.010185
0 0.143490 0.488889 0.009896 0.009259
0 0.889844 0.422685 0.009896 0.012037
0 0.048438 0.929630 0.021875 0.033333
0 0.012760 0.439815 0.008854 0.007407
0 0.500781 0.831944 0.007812 0.032407
0 0.532292 0.383333 0.020833 0.051852
0 0.070573 0.441204 0.008854 0.008333
0 0.922135 0.392593 0.007812 0.007407
0 0.422135 0.669444 0.013021 0.014815
0 0.702865 0.437037 0.009896 0.009259
0 0.530469 0.397685 0.025521 0.021296
0 0.807292 0.326852 0.008333 0.009259
0 0.886719 0.421296 0.016146 0.018519
0 0.252344 0.745833 0.008854 0.012037
0 0.439583 0.809259 0.006250 0.018519
0 0.057813 0.956481 0.040625 0.087037
0 0.194531 0.427778 0.008854 0.009259
0 0.636719 0.443519 0.011979 0.009259
0 0.530208 0.382870 0.026042 0.050926
0 0.538281 0.399074 0.008854 0.009259
0 0.500781 0.825463 0.007812 0.019444
0 0.523177 0.396296 0.010937 0.018519
0 0.496354 0.962963 0.007292 0.018519
0 0.496354 0.222222 0.005208 0.009259
0 0.433854 0.552315 0.005208 0.013889
0 0.525781 0.398611 0.006771 0.023148
0 0.645573 0.443056 0.007812 0.008333
0 0.494792 0.182407 0.006250 0.009259
0 0.303906 0.377778 0.004687 0.018519
0 0.626823 0.472222 0.009896 0.009259
0 0.418750 0.675926 0.018750 0.027778
0 0.619531 0.472222 0.010937 0.011111
0 0.957031 0.387500 0.040104 0.025000
