0 0.774479 0.418056 0.009375 0.013889
0 0.267708 0.422222 0.032292 0.020370
0 0.497135 0.689352 0.006771 0.026852
0 0.697917 0.845833 0.009375 0.017593
0 0.961719 0.599537 0.006771 0.013889
0 0.356250 0.450463 0.009375 0.008333
0 0.215365 0.456944 0.010937 0.010185
0 0.244792 0.743981 0.011458 0.012037
0 0.817448 0.440278 0.009896 0.008333
0 0.640365 0.444907 0.010937 0.008333
0 0.875000 0.391667 0.010417 0.011111
0 0.421615 0.628704 0.007812 0.018519
0 0.489323 0.721296 0.006771 0.014815
0 0.569271 0.442593 0.008333 0.009259
0 0.237240 0.483796 0.009896 0.010185
0 0.892708 0.416667 0.008333 0.009259
0 0.403646 0.425926 0.008333 0.009259
0 0.627083 0.471759 0.009375 0.010185
0 0.048438 0.931944 0.021875 0.037963
0 0.422135 0.669444 0.013021 0.014815
0 0.460938 0.372222 0.005208 0.011111
0 0.214323 0.696296 0.007812 0.012963
0 0.685417 0.472222 0.019792 0.012963
0 0.846615 0.420370 0.008854 0.009259
0 0.725521 0.443981 0.011458 0.010185
0 0.848958 0.389815 0.008333 0.009259
0 0.884375 0.360648 0.008333 0.008333
0 0.496875 0.685648 0.006250 0.019444
0 0.300781 0.380556 0.010937 0.022222
0 0.681510 0.473611 0.027604 0.017593
0 0.681771 0.471759 0.010417 0.012037
0 0.419010 0.676389 0.018229 0.028704
0 0.990104 0.387963 0.019792 0.050000
0 0.690625 0.471759 0.009375 0.008333
0 0.545604 0.382194 0.058292 0.054130
