0 0.325781 0.419444 0.032813 0.020370
0 0.499740 0.793519 0.007812 0.031481
0 0.930729 0.394444 0.010417 0.011111
0 0.637760 0.472222 0.019271 0.012963
0 0.660417 0.973148 0.009375 0.020370
0 0.274479 0.454167 0.010417 0.008333
0 0.934896 0.374537 0.009375 0.008333
0 0.572135 0.444907 0.009896 0.008333
0 0.961458 0.599074 0.007292 0.014815
0 0.128906 0.461574 0.010937 0.012037
0 0.168490 0.487500 0.010937 0.010185
0 0.903385 0.391204 0.007812 0.008333
0 0.731510 0.436574 0.009896 0.008333
0 0.431250 0.570370 0.006250 0.016667
0 0.984375 0.418056 0.009375 0.008333
0 0.855469 0.415741 0.008854 0.009259
0 0.860677 0.420833 0.008854 0.010185
0 0.036458 0.443981 0.008333 0.008333
0 0.048438 0.929167 0.021875 0.032407
0 0.642969 0.471759 0.008854 0.010185
0 0.422135 0.668981 0.013021 0.013889
0 0.522917 0.398148 0.011458 0.022222
0 0.857812 0.418519 0.014583 0.014815
0 0.658594 0.443519 0.011979 0.011111
0 0.936458 0.423611 0.009375 0.008333
0 0.634896 0.471759 0.011458 0.012037
0 0.439063 0.862037 0.006250 0.020370
0 0.065885 0.956481 0.055729 0.087037
0 0.240365 0.736111 0.008854 0.012963
0 0.377604 0.118519 0.016667 0.022222
0 0.538281 0.398611 0.008854 0.010185
0 0.536719 0.381481 0.011979 0.048148
0 0.164323 0.428704 0.008854 0.011111
0 0.523438 0.397685 0.012500 0.021296
0 0.418750 0.675926 0.018750 0.027778
0 0.300521 0.380093 0.011458 0.023148
0 0.494531 0.894444 0.006771 0.018519
0 0.667708 0.442593 0.008333 0.007407
0 0.525000 0.398148 0.007292 0.022222
0 0.792708 0.319444 0.005208 0.009259
0 0.956250 0.376389 0.007292 0.008333
0 0.935417 0.425463 0.012500 0.013889
0 0.793750 0.319907 0.008333 0.010185
0 0.296094 0.754630 0.032813 0.024074
