0 0.497656 0.722685 0.006771 0.028704
0 0.893750 0.393056 0.010417 0.012037
0 0.684896 0.885185 0.009375 0.018519
0 0.802865 0.417593 0.010937 0.014815
0 0.186198 0.459259 0.010937 0.009259
0 0.961719 0.599537 0.006771 0.013889
0 0.103125 0.432870 0.008333 0.010185
0 0.328646 0.451852 0.010417 0.007407
0 0.788542 0.439352 0.010417 0.008333
0 0.257031 0.751389 0.009896 0.012037
0 0.617708 0.444907 0.010417 0.008333
0 0.425781 0.609722 0.006771 0.015741
0 0.214844 0.485185 0.010937 0.011111
0 0.922656 0.416667 0.008854 0.007407
0 0.491146 0.775463 0.007292 0.015741
0 0.421875 0.669444 0.012500 0.014815
0 0.703385 0.443981 0.011979 0.010185
0 0.221094 0.710648 0.007812 0.013889
0 0.544010 0.443519 0.008854 0.009259
0 0.669271 0.472222 0.020833 0.014815
0 0.611458 0.472222 0.008333 0.009259
0 0.876563 0.421759 0.008333 0.012037
0 0.048438 0.931944 0.021875 0.037963
0 0.866667 0.390278 0.008333 0.008333
0 0.901302 0.366204 0.008854 0.008333
0 0.300781 0.380556 0.010937 0.022222
0 0.669010 0.465741 0.020313 0.027778
0 0.664844 0.472685 0.011979 0.013889
0 0.059115 0.956481 0.043229 0.087037
0 0.711979 0.443519 0.008333 0.007407
0 0.674219 0.464352 0.009896 0.026852
0 0.674740 0.472222 0.009896 0.009259
0 0.802604 0.415278 0.009375 0.008333
0 0.545471 0.382093 0.058516 0.054407
