0 0.498958 0.756944 0.007292 0.030556
0 0.672135 0.927778 0.009896 0.020370
0 0.759896 0.437963 0.010417 0.009259
0 0.961719 0.599537 0.006771 0.013889
0 0.306510 0.420370 0.031771 0.020370
0 0.830469 0.418056 0.013021 0.015741
0 0.594531 0.444907 0.010937 0.008333
0 0.157552 0.459722 0.011979 0.012037
0 0.654167 0.472222 0.020833 0.012963
0 0.912240 0.393056 0.009896 0.008333
0 0.953646 0.417130 0.009375 0.008333
0 0.429167 0.591204 0.006250 0.015741
0 0.829167 0.415278 0.010417 0.008333
0 0.192188 0.486574 0.009375 0.010185
0 0.301823 0.452778 0.010937 0.007407
0 0.917969 0.371296 0.008854 0.007407
0 0.421875 0.669444 0.012500 0.014815
0 0.906510 0.421759 0.008854 0.008333
0 0.048438 0.930093 0.021875 0.034259
0 0.832031 0.419907 0.009896 0.010185
0 0.885156 0.391204 0.008854 0.008333
0 0.229687 0.725000 0.008333 0.012963
0 0.680729 0.443519 0.012500 0.009259
0 0.498698 0.751389 0.006771 0.019444
0 0.659115 0.472222 0.009896 0.009259
0 0.272135 0.756481 0.008854 0.011111
0 0.689323 0.443519 0.007812 0.007407
0 0.650000 0.472685 0.012500 0.012037
0 0.303906 0.378241 0.004687 0.019444
0 0.545602 0.382606 0.058286 0.054065
