0 0.481250 0.723611 0.011458 0.018519
0 0.481901 0.640046 0.008594 0.014352
0 0.168880 0.605324 0.013281 0.011574
0 0.139063 0.672685 0.013021 0.014815
0 0.960417 0.607870 0.020313 0.012963
0 0.397266 0.625463 0.061198 0.055556
0 0.345964 0.579398 0.009635 0.012500
0 0.050911 0.381713 0.101823 0.034722
0 0.454818 0.411111 0.014323 0.012037
0 0.309505 0.640278 0.014323 0.022222
0 0.845833 0.517361 0.026562 0.023611
0 0.836068 0.981944 0.017969 0.025926
0 0.104297 0.664352 0.016406 0.012037
0 0.418880 0.450231 0.032031 0.027315
