0 0.479818 0.694213 0.010677 0.017130
0 0.481641 0.626157 0.008594 0.014352
0 0.058984 0.746991 0.017448 0.020833
0 0.434115 0.546065 0.020313 0.058796
0 0.113151 0.648843 0.018490 0.013426
0 0.411979 0.456019 0.028646 0.029630
0 0.135807 0.947917 0.271615 0.102315
0 0.452604 0.414352 0.014063 0.012963
0 0.859635 0.521065 0.015104 0.022685
0 0.270182 0.702315 0.019531 0.030556
0 0.871224 0.723611 0.093490 0.101852
0 0.472396 0.446528 0.006250 0.009722
0 0.472135 0.468056 0.004167 0.004630
0 0.380599 0.679630 0.074219 0.066667
