0 0.478385 0.678241 0.010937 0.016667
0 0.479297 0.620602 0.008073 0.014352
0 0.233073 0.765509 0.016667 0.039352
0 0.057682 0.692130 0.020052 0.015741
0 0.359375 0.735417 0.084896 0.081944
0 0.468490 0.482176 0.005208 0.010648
0 0.416146 0.462269 0.048958 0.033796
0 0.919271 0.551389 0.018229 0.025926
0 0.330599 0.497685 0.011719 0.033333
0 0.062891 0.388194 0.125781 0.045833
0 0.448568 0.417130 0.014323 0.013889
0 0.469010 0.453241 0.007812 0.009259
0 0.159115 0.687500 0.017188 0.024074
0 0.996615 0.597454 0.006771 0.019907
0 0.298698 0.653704 0.028646 0.022222
0 0.417448 0.548380 0.044792 0.043056
