0 0.478255 0.675694 0.011719 0.016204
0 0.479036 0.620602 0.008073 0.014352
0 0.044792 0.702315 0.021354 0.016667
0 0.288802 0.661574 0.019792 0.021296
0 0.467969 0.485880 0.004687 0.008796
0 0.356771 0.748843 0.091667 0.084722
0 0.415234 0.462963 0.050781 0.037963
0 0.933594 0.558102 0.019271 0.022685
0 0.327734 0.500231 0.012240 0.033796
0 0.220443 0.779398 0.024219 0.039352
0 0.430990 0.553241 0.017188 0.039815
0 0.854427 0.656944 0.007812 0.019444
0 0.448177 0.417824 0.014063 0.014352
0 0.470052 0.457870 0.005208 0.007407
0 0.467969 0.456019 0.008854 0.010185
