0 0.477734 0.672917 0.010677 0.018056
0 0.478646 0.620833 0.007812 0.013889
0 0.348958 0.763889 0.092188 0.090741
0 0.209635 0.795139 0.026562 0.040278
0 0.949609 0.562037 0.019531 0.027778
0 0.466927 0.488889 0.005729 0.007407
0 0.324870 0.502546 0.012760 0.034722
0 0.031250 0.713657 0.022396 0.017130
0 0.819271 0.676157 0.056250 0.043981
0 0.006641 0.681250 0.013281 0.052315
0 0.447526 0.418519 0.014323 0.013889
0 0.636328 0.538194 0.016927 0.016204
0 0.466146 0.456019 0.006250 0.006481
0 0.447396 0.432870 0.014583 0.043519
0 0.283594 0.667824 0.022917 0.018056
0 0.391146 0.555093 0.092708 0.039815
