0 0.475130 0.666898 0.009635 0.015278
0 0.477344 0.624074 0.008854 0.013889
0 0.462891 0.515509 0.005469 0.009722
0 0.441406 0.424306 0.017188 0.016204
0 0.118229 0.953935 0.032813 0.057870
0 0.304818 0.521991 0.013802 0.040278
0 0.235417 0.718981 0.014063 0.016667
0 0.233594 0.736111 0.035417 0.050926
0 0.654167 0.595833 0.010417 0.012037
0 0.465104 0.479861 0.004687 0.006944
0 0.650781 0.563426 0.014063 0.013889
0 0.405729 0.473380 0.056771 0.037500
0 0.759245 0.566898 0.014844 0.013426
0 0.303255 0.904167 0.128385 0.133333
0 0.233464 0.749537 0.035677 0.025926
