0 0.475651 0.666435 0.010156 0.015278
0 0.477214 0.621991 0.009115 0.014352
0 0.325391 0.833102 0.107552 0.110648
0 0.642708 0.553935 0.013542 0.011574
0 0.443620 0.421065 0.016406 0.014352
0 0.257682 0.686111 0.008073 0.016667
0 0.162630 0.874074 0.028385 0.048148
0 0.087109 0.760417 0.028385 0.031019
0 0.313151 0.512963 0.012760 0.037963
0 0.463932 0.502546 0.004948 0.007870
0 0.087630 0.756481 0.016927 0.023148
0 0.258464 0.698843 0.034635 0.043981
0 0.407682 0.563657 0.047656 0.030093
0 0.465885 0.470139 0.005208 0.006944
0 0.462500 0.461806 0.003646 0.005093
0 0.258333 0.711806 0.035417 0.027315
