0 0.476172 0.667130 0.010156 0.015741
0 0.477214 0.625463 0.008594 0.013889
0 0.461458 0.531019 0.007812 0.010185
0 0.665885 0.611343 0.011458 0.012500
0 0.210286 0.757176 0.010677 0.014352
0 0.439974 0.426852 0.016406 0.014815
0 0.463802 0.491667 0.005208 0.006481
0 0.193229 0.796759 0.014583 0.020370
0 0.213542 0.793519 0.017188 0.023148
0 0.278385 0.957176 0.147396 0.085648
0 0.343880 0.481250 0.026823 0.031019
0 0.440495 0.439352 0.017969 0.039815
0 0.865755 0.650463 0.008073 0.012963
0 0.045703 0.403009 0.091406 0.038426
0 0.283333 0.713657 0.162500 0.189352
0 0.657161 0.572454 0.022135 0.018981
