0 0.475391 0.666898 0.010156 0.015278
0 0.477474 0.623380 0.008594 0.012500
0 0.406120 0.566204 0.047656 0.019444
0 0.651563 0.592130 0.011979 0.011111
0 0.464193 0.510880 0.004948 0.008796
0 0.133854 0.925694 0.032292 0.053241
0 0.645573 0.557407 0.018229 0.016667
0 0.242448 0.709491 0.009896 0.020833
0 0.465755 0.476157 0.004948 0.006944
0 0.311589 0.878704 0.120052 0.125000
0 0.130339 0.511111 0.011719 0.018519
0 0.925391 0.717130 0.014844 0.027778
0 0.442578 0.423148 0.016927 0.014815
0 0.968229 0.743056 0.030208 0.034259
0 0.442969 0.431250 0.018229 0.030093
0 0.051172 0.396528 0.102344 0.043981
0 0.242057 0.732176 0.034635 0.025463
