0 0.476302 0.628009 0.008333 0.013426
0 0.477734 0.669213 0.010156 0.015278
0 0.130078 0.902778 0.017969 0.027778
0 0.151823 0.901157 0.018229 0.027315
0 0.459245 0.565972 0.008073 0.010648
0 0.462370 0.516898 0.006510 0.008796
0 0.674740 0.593750 0.021875 0.020833
0 0.388542 0.632870 0.064583 0.062963
0 0.135807 0.897222 0.029427 0.038889
0 0.688802 0.641204 0.010937 0.012963
0 0.239974 0.423380 0.007552 0.017130
0 0.438542 0.430324 0.017188 0.017130
0 0.457422 0.485417 0.004427 0.007870
0 0.929948 0.688426 0.041667 0.022222
