0 0.476823 0.628009 0.008333 0.013426
0 0.477604 0.668750 0.009896 0.014352
0 0.460156 0.557639 0.008333 0.010648
0 0.145443 0.876852 0.015885 0.025000
0 0.166667 0.874537 0.017708 0.025000
0 0.463151 0.511111 0.006510 0.007407
0 0.409896 0.489120 0.082292 0.050463
0 0.683333 0.634259 0.011458 0.012963
0 0.439063 0.429861 0.017708 0.017130
0 0.144401 0.876157 0.018490 0.025463
0 0.352344 0.474306 0.009375 0.012500
0 0.908073 0.684954 0.008333 0.012500
0 0.931641 0.675926 0.013281 0.013889
0 0.458203 0.483796 0.005469 0.007407
0 0.275000 0.375694 0.006771 0.035648
0 0.673047 0.592130 0.019010 0.016667
