0 0.482812 0.669213 0.010937 0.017130
0 0.475000 0.629398 0.008333 0.014352
0 0.462240 0.544213 0.006771 0.010648
0 0.435937 0.434259 0.017708 0.018519
0 0.459245 0.606481 0.008594 0.012963
0 0.714193 0.666204 0.012760 0.015741
0 0.435807 0.446991 0.017969 0.043981
0 0.242318 0.952315 0.173177 0.093519
0 0.128776 0.867824 0.132552 0.106019
0 0.479427 0.537731 0.003646 0.008796
0 0.383073 0.663194 0.072396 0.071759
0 0.381380 0.493287 0.039844 0.049537
0 0.695182 0.612963 0.022135 0.020370
0 0.900000 0.728241 0.031250 0.030556
