0 0.462240 0.537500 0.005729 0.011111
0 0.480729 0.668981 0.010417 0.015741
0 0.475130 0.628472 0.008594 0.014352
0 0.458594 0.594676 0.008854 0.012500
0 0.436328 0.432407 0.017969 0.017593
0 0.691797 0.609491 0.017448 0.017130
0 0.477995 0.534259 0.003385 0.010185
0 0.457031 0.537037 0.016667 0.010185
0 0.436068 0.446759 0.017969 0.046296
0 0.706380 0.658565 0.011719 0.014352
0 0.885026 0.715046 0.030990 0.026389
0 0.986328 0.706481 0.014323 0.015741
0 0.383854 0.654630 0.070312 0.068519
0 0.480078 0.470370 0.005990 0.006481
