0 0.480208 0.636111 0.009375 0.012963
0 0.492969 0.667361 0.010417 0.018056
0 0.438672 0.440278 0.019010 0.019444
0 0.467578 0.598843 0.008594 0.011574
0 0.465755 0.686111 0.011719 0.018519
0 0.270443 0.644444 0.014323 0.021296
0 0.733073 0.650000 0.018229 0.018519
0 0.380599 0.714352 0.083594 0.090741
0 0.758594 0.715972 0.012500 0.015278
0 0.231380 0.694676 0.012240 0.016204
0 0.438932 0.450231 0.021094 0.039352
0 0.377734 0.688657 0.013802 0.012500
0 0.250391 0.709722 0.012760 0.013889
0 0.329948 0.515509 0.017708 0.015278
