0 0.493620 0.665509 0.010677 0.017130
0 0.480859 0.638426 0.009115 0.014815
0 0.465885 0.732407 0.011979 0.019444
0 0.744141 0.666898 0.023177 0.018981
0 0.262891 0.377778 0.006510 0.033333
0 0.468229 0.630324 0.008854 0.014352
0 0.776823 0.740972 0.013542 0.016204
0 0.339844 0.494444 0.011979 0.012037
0 0.375130 0.738426 0.089844 0.100926
0 0.224349 0.789120 0.025781 0.029167
0 0.318229 0.764583 0.024479 0.018981
0 0.233594 0.977546 0.019792 0.022685
0 0.407943 0.496296 0.094531 0.121296
0 0.326432 0.846991 0.017448 0.026389
0 0.442578 0.498380 0.030469 0.132870
