0 0.214062 0.805556 0.026562 0.032407
0 0.493620 0.664352 0.010156 0.017593
0 0.465104 0.758565 0.013542 0.021759
0 0.480859 0.640509 0.009115 0.013426
0 0.467578 0.649074 0.009635 0.015741
0 0.262109 0.377083 0.006510 0.031944
0 0.338411 0.495602 0.012240 0.013426
0 0.786068 0.753472 0.014323 0.015278
0 0.316667 0.779861 0.033333 0.023611
0 0.749870 0.675694 0.027344 0.022685
0 0.371484 0.750926 0.093490 0.107407
0 0.229167 0.740278 0.014063 0.014815
0 0.214844 0.434722 0.009896 0.027778
0 0.398177 0.836343 0.011458 0.018056
0 0.442578 0.491204 0.029948 0.118519
