0 0.439193 0.440972 0.020052 0.018981
0 0.480469 0.636574 0.009896 0.014815
0 0.493620 0.666435 0.010156 0.018056
0 0.233594 0.774769 0.018750 0.025463
0 0.466016 0.707639 0.012760 0.018981
0 0.768099 0.728241 0.013281 0.015741
0 0.468359 0.613657 0.008594 0.013426
0 0.224219 0.707407 0.014063 0.024074
0 0.378516 0.726389 0.086198 0.095370
0 0.439974 0.456481 0.022135 0.050000
0 0.340625 0.494213 0.012500 0.011574
0 0.977604 0.819907 0.015625 0.017593
0 0.736979 0.656944 0.021875 0.016667
0 0.133464 0.969907 0.020573 0.036111
0 0.519922 0.615046 0.007031 0.018981
0 0.488542 0.561111 0.004167 0.008333
0 0.323307 0.750231 0.023177 0.014352
0 0.332682 0.824306 0.017448 0.030093
