0 0.361458 0.779167 0.102604 0.119444
0 0.492318 0.661574 0.010156 0.017593
0 0.479557 0.643287 0.009635 0.016204
0 0.763672 0.691898 0.023698 0.018056
0 0.208984 0.433796 0.009115 0.025926
0 0.461328 0.825694 0.013802 0.024537
0 0.438411 0.443981 0.020573 0.019444
0 0.260286 0.375694 0.007552 0.034722
0 0.334505 0.498148 0.012760 0.012037
0 0.297656 0.807870 0.025000 0.023148
0 0.188932 0.839120 0.022656 0.035648
0 0.465365 0.694213 0.010937 0.018056
0 0.805078 0.781713 0.015885 0.017130
0 0.746745 0.673380 0.009635 0.018056
0 0.182031 0.759028 0.028125 0.045833
0 0.194661 0.690972 0.016406 0.015278
0 0.778255 0.473380 0.015885 0.014352
0 0.189714 0.841667 0.027344 0.040741
0 0.439583 0.505787 0.025521 0.030093
0 0.388542 0.878704 0.013021 0.020370
0 0.167578 0.744676 0.057552 0.076389
0 0.370964 0.872685 0.012240 0.015741
