0 0.493099 0.663194 0.010156 0.018056
0 0.463151 0.789583 0.014844 0.022685
0 0.202344 0.822685 0.026562 0.035185
0 0.480339 0.642130 0.009635 0.014815
0 0.305599 0.792824 0.024219 0.023611
0 0.795573 0.766898 0.014583 0.016204
0 0.307292 0.783565 0.028125 0.041204
0 0.336719 0.497222 0.012500 0.012963
0 0.438932 0.443056 0.020573 0.020370
0 0.192969 0.744444 0.027083 0.037963
0 0.261458 0.377778 0.006771 0.029630
0 0.212109 0.435417 0.009115 0.028241
0 0.467187 0.669213 0.009896 0.017130
0 0.366927 0.764815 0.097396 0.112963
0 0.311328 0.892593 0.015365 0.026852
0 0.203125 0.679861 0.015625 0.018056
0 0.485807 0.483565 0.008073 0.008796
0 0.393880 0.856713 0.012760 0.018981
0 0.364974 0.733565 0.015885 0.012500
0 0.740625 0.664583 0.008333 0.015278
0 0.439714 0.444676 0.023177 0.023611
0 0.489323 0.574769 0.003646 0.008796
