0 0.486198 0.657407 0.008854 0.016667
0 0.456380 0.658333 0.016406 0.015741
0 0.447135 0.903472 0.015625 0.029167
0 0.322396 0.875000 0.133854 0.167593
0 0.301172 0.471528 0.020052 0.030093
0 0.859896 0.868287 0.018750 0.020833
0 0.217578 0.944444 0.052865 0.029630
0 0.119010 0.823148 0.021354 0.027778
0 0.243099 0.907407 0.025781 0.029630
0 0.433333 0.448148 0.020833 0.021296
0 0.191927 0.431481 0.010417 0.020370
0 0.096094 0.962037 0.038542 0.065741
0 0.778516 0.721065 0.011719 0.017130
0 0.087630 0.984954 0.021094 0.028241
0 0.524479 0.680093 0.010417 0.022222
0 0.398307 0.475231 0.009115 0.006944
0 0.801042 0.744907 0.023958 0.023148
