0 0.488802 0.659028 0.009896 0.015278
0 0.367318 0.958796 0.014844 0.026852
0 0.256510 0.378472 0.006771 0.025463
0 0.471875 0.652315 0.011458 0.014815
0 0.127865 0.926389 0.020313 0.033333
0 0.346745 0.954398 0.014844 0.027315
0 0.457292 0.796991 0.012500 0.022685
0 0.765104 0.700463 0.010937 0.017593
0 0.835677 0.829630 0.016667 0.019444
0 0.199609 0.430093 0.009635 0.019444
0 0.268359 0.862037 0.025781 0.025926
0 0.340104 0.791667 0.018750 0.015741
0 0.246354 0.891435 0.048958 0.022685
0 0.449609 0.981944 0.017448 0.036111
0 0.435156 0.446991 0.021354 0.022685
0 0.138151 0.900694 0.026302 0.043981
0 0.147656 0.910185 0.059896 0.065741
0 0.149870 0.788426 0.019531 0.024074
0 0.340625 0.823843 0.049479 0.034722
0 0.176042 0.885185 0.025521 0.023148
0 0.785937 0.721296 0.024479 0.021296
0 0.340625 0.831713 0.119271 0.143981
0 0.327474 0.503704 0.011719 0.012963
0 0.374089 0.473611 0.010677 0.008333
0 0.435156 0.461806 0.021354 0.052315
0 0.134635 0.910185 0.033333 0.064815
0 0.163151 0.717361 0.016927 0.020833
0 0.304557 0.563194 0.019010 0.018056
0 0.482422 0.487731 0.007031 0.007870
0 0.488021 0.592361 0.004167 0.011574
