0 0.458203 0.868519 0.015365 0.027778
0 0.477865 0.647222 0.009375 0.014815
0 0.382552 0.902778 0.013542 0.022222
0 0.491406 0.660880 0.009375 0.017130
0 0.363542 0.896991 0.013021 0.018981
0 0.259375 0.374306 0.007292 0.036574
0 0.205599 0.434954 0.010677 0.029167
0 0.814583 0.796991 0.015625 0.018056
0 0.288802 0.825231 0.025000 0.024537
0 0.332161 0.499769 0.011719 0.012500
0 0.173568 0.857407 0.023177 0.038889
0 0.486328 0.485880 0.012240 0.009722
0 0.292057 0.955093 0.009635 0.022222
0 0.463672 0.722685 0.011198 0.019444
0 0.355078 0.795139 0.107552 0.126389
0 0.353906 0.760417 0.017708 0.013426
0 0.163281 0.878935 0.016146 0.019907
0 0.269141 0.846296 0.042969 0.013889
0 0.765755 0.698611 0.013281 0.014815
0 0.288932 0.950231 0.015885 0.031944
0 0.285807 0.959259 0.022135 0.030556
0 0.199609 0.778472 0.015885 0.017130
0 0.501563 0.483333 0.014583 0.013889
0 0.438932 0.478472 0.026302 0.086574
