0 0.487630 0.658565 0.010156 0.016204
0 0.465755 0.655556 0.013802 0.015741
0 0.452734 0.845139 0.013802 0.025463
0 0.324479 0.506019 0.012500 0.014815
0 0.358333 0.988194 0.017188 0.023611
0 0.848047 0.848611 0.019010 0.020370
0 0.232422 0.918287 0.050781 0.028241
0 0.336719 0.985880 0.015625 0.028241
0 0.332031 0.810185 0.019792 0.016667
0 0.135417 0.805324 0.020313 0.026389
0 0.256250 0.884259 0.025521 0.026852
0 0.107031 0.954861 0.024479 0.033796
0 0.145313 0.914815 0.031771 0.023148
0 0.331771 0.852315 0.126562 0.153704
0 0.114062 0.938194 0.037500 0.067130
0 0.789193 0.731713 0.015365 0.019907
0 0.195703 0.430787 0.010156 0.019907
0 0.624870 0.476389 0.015365 0.011111
0 0.771875 0.710648 0.011458 0.017593
0 0.434245 0.480556 0.021094 0.087037
