0 0.436589 0.446991 0.021094 0.022685
0 0.475781 0.650231 0.009375 0.014352
0 0.490104 0.659954 0.009896 0.016204
0 0.454818 0.919907 0.016406 0.031481
0 0.258073 0.868287 0.045833 0.018981
0 0.355599 0.924537 0.013802 0.023148
0 0.824609 0.812500 0.015885 0.018519
0 0.279036 0.842593 0.025781 0.025926
0 0.258073 0.373843 0.007292 0.036574
0 0.145833 0.903009 0.018750 0.027315
0 0.460807 0.756481 0.012240 0.022222
0 0.375521 0.929630 0.014583 0.024074
0 0.484115 0.486343 0.009375 0.009722
0 0.779036 0.711343 0.024740 0.020833
0 0.436458 0.453472 0.021354 0.036574
0 0.202474 0.430324 0.010156 0.019907
0 0.758724 0.691435 0.010156 0.017130
0 0.157552 0.878241 0.022396 0.043519
0 0.329688 0.502083 0.011979 0.013426
0 0.501693 0.484491 0.015885 0.014352
0 0.935417 0.483565 0.017708 0.018981
0 0.488281 0.587037 0.004687 0.010185
0 0.524609 0.655324 0.010156 0.019907
0 0.313021 0.452778 0.009896 0.031481
0 0.250130 0.982870 0.065365 0.034259
