0 0.443750 0.661574 0.018750 0.014815
0 0.484635 0.655093 0.009375 0.016667
0 0.200911 0.974537 0.055990 0.032407
0 0.187500 0.431481 0.010937 0.019444
0 0.431901 0.449074 0.021615 0.020370
0 0.298047 0.472685 0.020573 0.028704
0 0.075521 0.977778 0.049479 0.042593
0 0.228255 0.931944 0.025781 0.030556
0 0.311589 0.900231 0.142448 0.181944
0 0.101042 0.842130 0.023438 0.029630
0 0.785286 0.731481 0.011198 0.017593
0 0.277865 0.531250 0.022917 0.045833
0 0.124870 0.751389 0.019531 0.025000
0 0.439323 0.977315 0.018229 0.035185
0 0.872005 0.888889 0.018490 0.021296
0 0.804427 0.755093 0.015625 0.018519
0 0.362370 0.556713 0.019010 0.021759
0 0.435807 0.492130 0.033594 0.105556
