0 0.816406 0.780556 0.013542 0.019444
0 0.425391 0.453935 0.021094 0.021759
0 0.268229 0.598148 0.013021 0.022222
0 0.255859 0.543519 0.025781 0.049074
0 0.101172 0.732639 0.012240 0.018056
0 0.271224 0.949074 0.155469 0.101852
0 0.244010 0.370139 0.007292 0.032870
0 0.477734 0.349769 0.052344 0.033796
0 0.935286 0.989120 0.023698 0.021759
0 0.283724 0.475231 0.020573 0.021759
0 0.220703 0.630787 0.010156 0.014352
0 0.844922 0.811806 0.027865 0.028241
0 0.476562 0.643287 0.009896 0.032870
0 0.132927 0.449491 0.083104 0.050833
