0 0.480599 0.652778 0.010156 0.015741
0 0.286719 0.925000 0.161979 0.150000
0 0.178385 0.431019 0.010937 0.017593
0 0.060677 0.886574 0.026562 0.036111
0 0.428906 0.451157 0.021354 0.021759
0 0.799740 0.754861 0.012500 0.018056
0 0.290755 0.467361 0.020052 0.025463
0 0.241016 0.625694 0.019531 0.027315
0 0.281901 0.587963 0.012240 0.023148
0 0.094271 0.783102 0.021354 0.017130
0 0.901302 0.935880 0.021354 0.023611
0 0.115365 0.451389 0.016667 0.022222
0 0.267448 0.536343 0.023958 0.049537
0 0.311719 0.506713 0.012500 0.019907
