0 0.482812 0.653935 0.009896 0.015278
0 0.792839 0.742824 0.012240 0.018056
0 0.299609 0.914120 0.151823 0.171759
0 0.432682 0.665741 0.014323 0.015741
0 0.886068 0.911343 0.019531 0.022685
0 0.211979 0.959722 0.025521 0.031481
0 0.183464 0.430093 0.010677 0.016667
0 0.430990 0.450000 0.021354 0.022222
0 0.294792 0.473611 0.020313 0.031481
0 0.081641 0.863657 0.024740 0.032870
0 0.432031 0.665278 0.014583 0.015741
0 0.272396 0.533796 0.022917 0.047222
0 0.301563 0.874074 0.022917 0.019444
0 0.146745 0.894444 0.045573 0.039815
0 0.100130 0.987269 0.035156 0.025463
0 0.817318 0.769213 0.024740 0.023611
