0 0.427344 0.452546 0.020833 0.022685
0 0.807682 0.767593 0.012760 0.019444
0 0.173437 0.432870 0.011458 0.019444
0 0.278646 0.936806 0.160417 0.126389
0 0.275260 0.592130 0.013021 0.022222
0 0.037500 0.911574 0.028646 0.038889
0 0.245833 0.371759 0.007812 0.036111
0 0.835156 0.797222 0.027083 0.025926
0 0.916406 0.962269 0.020833 0.025463
0 0.441797 0.506713 0.015365 0.117130
0 0.114714 0.721065 0.012760 0.018056
0 0.231771 0.629630 0.019792 0.025000
0 0.287109 0.474074 0.021094 0.030556
0 0.316406 0.682176 0.070312 0.069907
0 0.478646 0.640278 0.010937 0.039815
