0 0.468620 0.648148 0.009635 0.014815
0 0.414062 0.461111 0.022396 0.023148
0 0.232161 0.635417 0.015365 0.023611
0 0.140885 0.442824 0.011979 0.016204
0 0.878385 0.850926 0.013021 0.021296
0 0.327995 0.478241 0.033594 0.032407
0 0.413411 0.535185 0.032552 0.031481
0 0.249609 0.583102 0.015885 0.013426
0 0.256120 0.483565 0.035156 0.024537
0 0.635286 0.487500 0.023698 0.017593
0 0.469792 0.681944 0.005729 0.012037
0 0.270313 0.755324 0.086979 0.084722
0 0.170703 0.946296 0.205469 0.107407
0 0.843750 0.494676 0.064583 0.036574
0 0.915495 0.895139 0.036719 0.035648
