0 0.474219 0.647917 0.010417 0.019907
0 0.825781 0.794444 0.014063 0.020370
0 0.423047 0.454630 0.021094 0.022222
0 0.261328 0.603935 0.013802 0.022685
0 0.164062 0.433565 0.011979 0.018056
0 0.812891 0.490741 0.021094 0.019444
0 0.250260 0.546759 0.026042 0.050000
0 0.085677 0.745139 0.013021 0.018981
0 0.277214 0.477778 0.026823 0.030556
0 0.855990 0.827778 0.029167 0.027778
0 0.212240 0.637500 0.011458 0.014815
0 0.489453 0.646991 0.003385 0.010648
0 0.264323 0.962963 0.148438 0.074074
0 0.390234 0.475926 0.035156 0.017593
