0 0.411198 0.466435 0.022917 0.024537
0 0.140755 0.778241 0.029948 0.018519
0 0.471354 0.648380 0.010417 0.015278
0 0.126823 0.451620 0.013021 0.019907
0 0.098698 0.747454 0.018750 0.017130
0 0.531771 0.743981 0.014583 0.043519
0 0.251172 0.807639 0.096094 0.097685
0 0.411458 0.543519 0.034375 0.033333
0 0.237500 0.599769 0.020833 0.016204
0 0.155469 0.708796 0.013021 0.018519
0 0.714453 0.486343 0.025781 0.033796
0 0.213672 0.663657 0.016927 0.021759
0 0.474870 0.718056 0.005990 0.009259
0 0.321875 0.486574 0.033854 0.035185
0 0.245052 0.487963 0.038542 0.036111
0 0.411589 0.519213 0.034635 0.081019
0 0.211198 0.590509 0.031250 0.047685
0 0.366406 0.541898 0.018750 0.018981
