0 0.469010 0.647917 0.010417 0.016204
0 0.946224 0.919907 0.017969 0.028704
0 0.413021 0.462963 0.022917 0.025000
0 0.208333 0.747685 0.028125 0.016667
0 0.225911 0.645602 0.015365 0.024537
0 0.135937 0.446065 0.012500 0.018056
0 0.252083 0.485185 0.036458 0.034259
0 0.246484 0.588657 0.019531 0.013426
0 0.326042 0.480093 0.033333 0.031481
0 0.263932 0.771991 0.089844 0.089352
0 0.413021 0.537963 0.032813 0.031481
0 0.636719 0.484954 0.026562 0.027315
0 0.708594 0.484722 0.025000 0.032407
0 0.278906 0.530324 0.011979 0.020833
0 0.636458 0.489815 0.026042 0.017593
0 0.470573 0.693750 0.005729 0.009722
0 0.315365 0.561111 0.013021 0.017593
0 0.161458 0.963194 0.205729 0.073611
0 0.369401 0.535185 0.017969 0.020370
