0 0.106250 0.794907 0.026042 0.019444
0 0.410938 0.469213 0.022917 0.026389
0 0.472656 0.649074 0.010417 0.015741
0 0.962891 0.819444 0.019010 0.020370
0 0.411198 0.548148 0.034375 0.033333
0 0.232943 0.607176 0.020052 0.018056
0 0.122396 0.453241 0.013021 0.018519
0 0.411328 0.523611 0.035156 0.082407
0 0.319922 0.487731 0.034635 0.034722
0 0.147786 0.721759 0.014323 0.020370
0 0.207813 0.675000 0.017188 0.024074
0 0.837109 0.488194 0.015885 0.018981
0 0.338411 0.540509 0.038802 0.034722
0 0.362500 0.687963 0.009375 0.013889
0 0.244792 0.828241 0.100000 0.102778
0 0.205729 0.590046 0.033333 0.064352
0 0.476693 0.730324 0.005469 0.011574
0 0.085026 0.764815 0.025781 0.022222
