0 0.470052 0.647917 0.010417 0.016204
0 0.411849 0.464815 0.023177 0.024074
0 0.175130 0.762500 0.028385 0.017593
0 0.131771 0.449537 0.011979 0.019444
0 0.242448 0.593981 0.019792 0.013889
0 0.970182 0.944213 0.019010 0.029167
0 0.323437 0.482870 0.034375 0.032407
0 0.219792 0.653935 0.016667 0.021759
0 0.108594 0.733796 0.018229 0.016667
0 0.411328 0.540741 0.034115 0.032407
0 0.526693 0.732407 0.015885 0.030556
0 0.275130 0.535185 0.012240 0.020370
0 0.162760 0.696991 0.013542 0.018981
0 0.472526 0.704630 0.006510 0.011111
0 0.366667 0.538426 0.019271 0.019444
0 0.422526 0.514815 0.011719 0.019444
0 0.257422 0.789583 0.093490 0.093981
0 0.318750 0.565509 0.029167 0.017130
0 0.248568 0.485648 0.036719 0.035185
