0 0.303125 0.506944 0.052083 0.056481
0 0.760417 0.807407 0.059375 0.063889
0 0.342187 0.255787 0.058854 0.043981
0 0.395182 0.635648 0.058073 0.058333
0 0.913151 0.730787 0.037760 0.049537
0 0.975130 0.459954 0.049740 0.060648
0 0.969792 0.386574 0.060417 0.059259
0 0.919271 0.967361 0.070312 0.065278
0 0.842448 0.214120 0.023438 0.020833
0 0.776953 0.225926 0.022656 0.024074
0 0.944661 0.210417 0.059115 0.066204
0 0.929818 0.445833 0.025781 0.022222
0 0.868750 0.260880 0.015625 0.041204
0 0.971354 0.956019 0.057292 0.077778
0 0.072266 0.479398 0.022656 0.018981
0 0.585677 0.934491 0.038542 0.057870
0 0.794661 0.234954 0.025781 0.028241
0 0.588672 0.331250 0.028906 0.025463
0 0.974870 0.258333 0.050260 0.060185
0 0.673307 0.203009 0.025260 0.042130
0 0.814063 0.293750 0.033333 0.036574
0 0.019141 0.828241 0.020573 0.017593
0 0.118880 0.398611 0.025260 0.019444
0 0.918099 0.432407 0.019531 0.012963
0 0.986849 0.288194 0.019531 0.020833
0 0.434115 0.347685 0.019792 0.025000
0 0.978776 0.506713 0.026302 0.022685
0 0.587630 0.352315 0.016927 0.017593
0 0.846875 0.245833 0.026042 0.024074
0 0.827734 0.240509 0.025260 0.021759
0 0.679688 0.192361 0.012500 0.021759
0 0.803385 0.266898 0.020313 0.024537
0 0.028906 0.664120 0.057813 0.054167
0 0.961068 0.432176 0.020573 0.018981
0 0.085547 0.643981 0.057552 0.055556
0 0.244271 0.200926 0.090625 0.082407
0 0.407813 0.919907 0.042188 0.023148
0 0.497135 0.093056 0.219271 0.171296
0 0.540365 0.259722 0.115625 0.086111
0 0.428906 0.572917 0.058854 0.039352
