0 0.471224 0.704398 0.062760 0.057870
0 0.037370 0.472685 0.070052 0.067593
0 0.962760 0.867593 0.058854 0.074074
0 0.583854 0.508796 0.040104 0.044444
0 0.161849 0.470833 0.047135 0.042593
0 0.803255 0.764815 0.064323 0.066667
0 0.712240 0.809491 0.069792 0.067130
0 0.017188 0.363426 0.034375 0.059259
0 0.595573 0.973611 0.043229 0.052778
0 0.916797 0.156019 0.025781 0.022222
0 0.569271 0.504398 0.010417 0.033796
0 0.598568 0.313426 0.030990 0.027778
0 0.980208 0.186343 0.039583 0.057870
0 0.693620 0.167361 0.028906 0.043981
0 0.987760 0.090046 0.024479 0.022685
0 0.807682 0.195139 0.025781 0.027315
0 0.908594 0.745833 0.025521 0.026852
0 0.700391 0.157639 0.015365 0.023611
0 0.632292 0.011574 0.031771 0.023148
0 0.207292 0.978935 0.043229 0.042130
0 0.858724 0.285648 0.024740 0.019444
0 0.827344 0.205787 0.028646 0.029167
0 0.864193 0.212269 0.027865 0.022685
0 0.041797 0.656713 0.063281 0.061574
0 0.912109 0.319907 0.026823 0.019444
0 0.942448 0.990278 0.028125 0.019444
0 0.884375 0.217824 0.027604 0.025463
0 0.957422 0.290278 0.029948 0.020370
0 0.907161 0.495833 0.015365 0.025926
0 0.976693 0.439120 0.028906 0.024537
0 0.598698 0.333796 0.018229 0.016667
0 0.963932 0.316898 0.034635 0.024537
0 0.846615 0.250694 0.042188 0.047685
0 0.563021 0.222685 0.025000 0.050000
0 0.837891 0.240278 0.024740 0.025926
0 0.520182 0.244676 0.076302 0.071759
0 0.326693 0.228009 0.064844 0.052315
0 0.262500 0.172454 0.117708 0.079167
0 0.473958 0.073148 0.202083 0.146296
