0 0.103255 0.507176 0.068490 0.066204
0 0.658333 0.546296 0.040625 0.047222
0 0.326693 0.227083 0.064844 0.047685
0 0.542057 0.724769 0.076823 0.060648
0 0.058333 0.391204 0.060937 0.062963
0 0.862760 0.796759 0.064583 0.070370
0 0.775260 0.837963 0.069271 0.068519
0 0.979688 0.183565 0.040625 0.063426
0 0.965755 0.104861 0.029948 0.023611
0 0.236198 0.190278 0.064583 0.042593
0 0.901432 0.164583 0.026823 0.023611
0 0.598177 0.312731 0.031250 0.026389
0 0.806901 0.194907 0.025260 0.026852
0 0.042188 0.656250 0.063542 0.061574
0 0.693099 0.167361 0.028906 0.043981
0 0.986198 0.586806 0.020313 0.013426
0 0.856380 0.285880 0.026302 0.018981
0 0.826432 0.205324 0.028385 0.029167
0 0.911328 0.319676 0.026823 0.019907
0 0.863151 0.211806 0.027344 0.022685
0 0.977995 0.798148 0.023177 0.029630
0 0.883984 0.217361 0.027865 0.025463
0 0.906250 0.495602 0.017708 0.025463
0 0.596224 0.973148 0.041406 0.053704
0 0.700260 0.157407 0.014583 0.024074
0 0.207682 0.978472 0.043490 0.043056
0 0.632943 0.011574 0.029427 0.023148
0 0.562891 0.977083 0.029427 0.024537
0 0.947396 0.296296 0.028125 0.022222
0 0.846094 0.250231 0.042188 0.047685
0 0.853906 0.262731 0.022917 0.022685
0 0.664974 0.228935 0.020573 0.034722
0 0.993359 0.381944 0.013281 0.045370
0 0.963542 0.316204 0.033333 0.025000
0 0.904557 0.524074 0.033073 0.028704
0 0.069309 0.581109 0.137487 0.221116
0 0.980729 0.438194 0.038542 0.025463
0 0.942708 0.989352 0.029687 0.021296
0 0.996224 0.900694 0.007552 0.047685
0 0.599349 0.333565 0.021094 0.017130
0 0.214062 0.495833 0.051562 0.042593
0 0.473958 0.073148 0.202083 0.146296
0 0.528776 0.238657 0.094010 0.081944
