0 0.146484 0.440278 0.031510 0.024074
0 0.172917 0.543056 0.067187 0.065741
0 0.605078 0.747222 0.077865 0.062963
0 0.919792 0.832176 0.064583 0.072685
0 0.117188 0.420833 0.060937 0.062037
0 0.327604 0.228935 0.064583 0.048611
0 0.743880 0.590741 0.062240 0.050926
0 0.840885 0.868056 0.080208 0.073148
0 0.944531 0.128935 0.028646 0.034722
0 0.265625 0.516898 0.051562 0.041204
0 0.978516 0.186343 0.042969 0.059722
0 0.237891 0.192593 0.063802 0.041667
0 0.805469 0.196065 0.025521 0.027315
0 0.888672 0.173843 0.026823 0.023611
0 0.043880 0.655787 0.065365 0.060648
0 0.597656 0.313426 0.031771 0.026852
0 0.855078 0.287037 0.024740 0.019444
0 0.594922 0.971528 0.042969 0.056944
0 0.979688 0.440972 0.040625 0.025463
0 0.861068 0.213194 0.027344 0.023611
0 0.824870 0.206481 0.028385 0.029630
0 0.210286 0.977083 0.043490 0.045833
0 0.692057 0.168981 0.028385 0.044444
0 0.881901 0.218981 0.026823 0.025926
0 0.939583 0.302315 0.028125 0.024074
0 0.834505 0.241435 0.023698 0.026389
0 0.633203 0.012963 0.032552 0.025926
0 0.982943 0.592361 0.020052 0.026389
0 0.851693 0.264120 0.022656 0.022685
0 0.909375 0.320139 0.027083 0.018981
0 0.991927 0.381944 0.016146 0.045370
0 0.327734 0.255093 0.064844 0.101852
0 0.698828 0.159259 0.015365 0.025000
0 0.978385 0.185880 0.043229 0.068981
0 0.598047 0.334722 0.019531 0.016667
0 0.520182 0.246296 0.076823 0.072222
0 0.474609 0.074306 0.200781 0.148611
0 0.531771 0.964352 0.045833 0.023148
0 0.940625 0.977778 0.059375 0.044444
