0 0.357161 0.531944 0.050260 0.053704
0 0.466406 0.592130 0.042708 0.039815
0 0.462760 0.663194 0.055729 0.056019
0 0.804427 0.832639 0.056250 0.064352
0 0.042708 0.391204 0.025000 0.018519
0 0.963672 0.462963 0.059635 0.057407
0 0.962891 0.266667 0.060677 0.062037
0 0.584245 0.337731 0.028385 0.028241
0 0.954818 0.391898 0.062760 0.057870
0 0.928385 0.221528 0.056771 0.063426
0 0.987630 0.481481 0.024740 0.037963
0 0.356380 0.919213 0.019531 0.022685
0 0.766276 0.236806 0.022656 0.023611
0 0.846875 0.297222 0.017188 0.039815
0 0.828776 0.225926 0.022135 0.020370
0 0.789974 0.306250 0.019531 0.021759
0 0.783854 0.246065 0.026042 0.026389
0 0.910937 0.961574 0.079687 0.076852
0 0.580990 0.921759 0.037500 0.053704
0 0.070703 0.595833 0.014844 0.019444
0 0.994401 0.366435 0.011198 0.060648
0 0.815625 0.252083 0.023958 0.019907
0 0.833594 0.256481 0.023958 0.021296
0 0.017578 0.751389 0.021094 0.018519
0 0.033073 0.819676 0.019792 0.017130
0 0.989323 0.976157 0.021354 0.047685
0 0.810156 0.293056 0.021354 0.027778
0 0.858203 0.346759 0.023177 0.017593
0 0.991667 0.176620 0.016667 0.041204
0 0.582161 0.360417 0.017448 0.016204
0 0.911719 0.450694 0.022917 0.022685
0 0.665625 0.215741 0.023958 0.040741
0 0.356771 0.069213 0.052083 0.021759
0 0.883333 0.330324 0.023438 0.020833
0 0.084766 0.483102 0.021094 0.017130
0 0.959375 0.303241 0.018750 0.020370
0 0.825000 0.181713 0.112500 0.064352
0 0.945443 0.436111 0.022656 0.019444
0 0.345833 0.265741 0.056771 0.041667
0 0.211198 0.438657 0.041146 0.021759
0 0.096484 0.641898 0.059115 0.054167
0 0.969401 0.785417 0.055469 0.051389
0 0.251953 0.212963 0.087240 0.077778
0 0.540885 0.097222 0.301563 0.194444
0 0.537240 0.270139 0.111979 0.082870
