0 0.244661 0.480324 0.053385 0.056944
0 0.324219 0.606019 0.060417 0.061111
0 0.710677 0.785417 0.059896 0.062500
0 0.859375 0.681250 0.042188 0.049537
0 0.372656 0.552778 0.047396 0.039815
0 0.337630 0.245139 0.060677 0.045833
0 0.072526 0.647454 0.058594 0.057870
0 0.252604 0.212269 0.059896 0.038426
0 0.937500 0.923611 0.073958 0.076852
0 0.982812 0.254398 0.034375 0.050463
0 0.892578 0.216898 0.019010 0.041204
0 0.983333 0.464815 0.033333 0.044444
0 0.787500 0.214120 0.023958 0.025463
0 0.680599 0.188657 0.025781 0.040278
0 0.855078 0.202778 0.023698 0.021296
0 0.961198 0.198611 0.060937 0.067593
0 0.805469 0.224306 0.026042 0.029167
0 0.977734 0.383333 0.044531 0.054630
0 0.058203 0.477315 0.022656 0.019444
0 0.980729 0.884028 0.038542 0.063426
0 0.988151 0.887731 0.023698 0.055093
0 0.591667 0.324537 0.031250 0.025926
0 0.842708 0.228009 0.031250 0.026389
0 0.823958 0.296528 0.024479 0.019907
0 0.858854 0.236111 0.026562 0.024074
0 0.449609 0.928704 0.043490 0.023148
0 0.912760 0.314352 0.025521 0.022222
0 0.589974 0.947454 0.038802 0.058796
0 0.925911 0.974074 0.050781 0.050926
0 0.945443 0.442361 0.027344 0.022685
0 0.976172 0.330324 0.047656 0.058796
0 0.882031 0.512037 0.036979 0.055556
0 0.013021 0.666898 0.026042 0.034722
0 0.952995 0.587269 0.019010 0.025463
0 0.815365 0.256481 0.023958 0.024074
0 0.538021 0.084954 0.310417 0.169907
0 0.542708 0.250694 0.119792 0.091204
