0 0.181120 0.451157 0.057031 0.059722
0 0.663802 0.767130 0.075521 0.063889
0 0.799609 0.633796 0.042969 0.050000
0 0.332031 0.236574 0.063021 0.047222
0 0.967708 0.865509 0.064583 0.075463
0 0.892578 0.895833 0.076823 0.074074
0 0.918099 0.171991 0.023177 0.041204
0 0.797917 0.203935 0.025521 0.026389
0 0.689193 0.173843 0.023698 0.033796
0 0.872656 0.187963 0.026042 0.023148
0 0.244531 0.200463 0.063021 0.039815
0 0.594922 0.339120 0.019010 0.018056
0 0.841276 0.292130 0.024740 0.018519
0 0.990885 0.249306 0.018229 0.048611
0 0.595703 0.316435 0.031510 0.028241
0 0.592708 0.962731 0.041146 0.060648
0 0.972786 0.190278 0.054427 0.065741
0 0.852344 0.219907 0.027083 0.023148
0 0.816667 0.213889 0.027083 0.028704
0 0.991406 0.465278 0.017188 0.042593
0 0.985938 0.383796 0.028125 0.046296
0 0.927214 0.307407 0.027865 0.023148
0 0.056771 0.653009 0.060937 0.059722
0 0.891797 0.493750 0.022135 0.022685
0 0.899089 0.324537 0.025781 0.018519
0 0.871875 0.225231 0.027083 0.023611
0 0.843490 0.269213 0.022917 0.023611
0 0.827214 0.248148 0.024219 0.027778
0 0.693620 0.169444 0.014844 0.025000
0 0.332031 0.262037 0.063021 0.100000
0 0.950781 0.322222 0.029687 0.024074
0 0.217969 0.971528 0.042708 0.056944
0 0.253776 0.575231 0.074219 0.063426
0 0.476302 0.078704 0.197396 0.157407
0 0.527734 0.247454 0.090885 0.079167
0 0.320182 0.535648 0.050781 0.041667
0 0.490885 0.946065 0.044792 0.022685
