0 0.542969 0.603935 0.043229 0.044907
0 0.975000 0.252315 0.050000 0.054630
0 0.699089 0.753472 0.049740 0.052315
0 0.360677 0.297917 0.050521 0.034722
0 0.620052 0.671528 0.037500 0.037500
0 0.971745 0.965278 0.056510 0.069444
0 0.965234 0.369213 0.069531 0.082870
0 0.899349 0.406944 0.054427 0.050926
0 0.035417 0.576157 0.015625 0.012500
0 0.948438 0.208102 0.046875 0.052315
0 0.906771 0.295833 0.052083 0.053704
0 0.732943 0.270602 0.019531 0.019907
0 0.747786 0.278241 0.022135 0.024074
0 0.788802 0.260185 0.019271 0.017593
0 0.569401 0.878472 0.033073 0.049537
0 0.751042 0.327778 0.016667 0.020370
0 0.875651 0.256944 0.049219 0.055556
0 0.789714 0.348380 0.019010 0.028241
0 0.776432 0.283333 0.021615 0.018519
0 0.770833 0.322917 0.016146 0.021759
0 0.792318 0.287731 0.022135 0.018981
0 0.289583 0.271296 0.050000 0.027778
0 0.373958 0.134259 0.046354 0.019444
0 0.378776 0.080093 0.023177 0.019444
0 0.648047 0.248148 0.011198 0.025926
0 0.360677 0.014352 0.020313 0.023148
0 0.199609 0.257407 0.089844 0.061111
0 0.752734 0.306481 0.013802 0.016667
0 0.643229 0.252546 0.020833 0.034722
0 0.905729 0.511343 0.022917 0.019907
0 0.439063 0.377083 0.016146 0.022685
0 0.239714 0.440046 0.034115 0.020833
0 0.572396 0.360185 0.026042 0.022222
0 0.501563 0.547685 0.032813 0.017593
0 0.369922 0.534491 0.036198 0.018981
0 0.227995 0.939120 0.034635 0.019907
0 0.084099 0.643046 0.167245 0.135741
0 0.868620 0.931481 0.176302 0.137037
0 0.530078 0.301389 0.099219 0.074074
0 0.532682 0.116898 0.260677 0.233796
0 0.930078 0.462269 0.102865 0.081019
