0 0.500130 0.589352 0.045573 0.047222
0 0.930078 0.926852 0.051823 0.067593
0 0.981380 0.246759 0.037240 0.053704
0 0.645833 0.732176 0.051042 0.052315
0 0.263281 0.906019 0.036458 0.065741
0 0.427995 0.526389 0.022656 0.014815
0 0.250391 0.934491 0.019010 0.018056
0 0.858854 0.912731 0.047917 0.048611
0 0.020313 0.577546 0.017188 0.012500
0 0.948177 0.485648 0.034896 0.034259
0 0.961589 0.200000 0.048177 0.053704
0 0.797656 0.253472 0.020313 0.018981
0 0.919010 0.290278 0.053646 0.053704
0 0.739583 0.263657 0.019792 0.020833
0 0.916406 0.512269 0.021875 0.021759
0 0.971224 0.369676 0.057552 0.077315
0 0.886719 0.249769 0.050521 0.057870
0 0.800000 0.342130 0.020313 0.029630
0 0.910937 0.404861 0.056250 0.052315
0 0.755469 0.271759 0.023438 0.025000
0 0.571094 0.888426 0.034375 0.050000
0 0.367708 0.121065 0.044792 0.021759
0 0.647786 0.244907 0.021094 0.037037
0 0.923047 0.469676 0.060156 0.050463
0 0.407290 0.944076 0.040784 0.060866
0 0.572526 0.377315 0.017448 0.016667
0 0.801562 0.281481 0.022917 0.021296
0 0.769271 0.311343 0.036458 0.039352
0 0.530469 0.295602 0.102083 0.076389
0 0.296875 0.510648 0.036979 0.018519
0 0.175781 0.409954 0.036979 0.022685
0 0.356641 0.291667 0.052344 0.037037
0 0.573958 0.356944 0.028125 0.021296
0 0.585156 0.652778 0.039583 0.037963
0 0.078125 0.648611 0.156250 0.080556
0 0.270052 0.244213 0.078646 0.070833
0 0.532422 0.113194 0.269010 0.226389
