0 0.217188 0.478241 0.035417 0.019444
0 0.894401 0.891898 0.062760 0.066204
0 0.547396 0.632407 0.040625 0.037963
0 0.924349 0.401620 0.058073 0.053241
0 0.978385 0.369676 0.043229 0.071759
0 0.747396 0.256250 0.020313 0.020833
0 0.807292 0.245833 0.021875 0.019444
0 0.988932 0.242593 0.022135 0.047222
0 0.931901 0.511806 0.023177 0.022685
0 0.576953 0.353241 0.027865 0.021296
0 0.352474 0.283796 0.052865 0.038889
0 0.932031 0.283102 0.055729 0.057870
0 0.811979 0.333333 0.019792 0.030556
0 0.899479 0.242130 0.053125 0.059259
0 0.657161 0.228704 0.013802 0.022222
0 0.764062 0.264815 0.024479 0.025926
0 0.811198 0.274537 0.023958 0.021296
0 0.793229 0.269444 0.022396 0.019444
0 0.975781 0.191204 0.048438 0.055556
0 0.766536 0.317130 0.017969 0.021296
0 0.365495 0.105787 0.050260 0.021759
0 0.885807 0.456250 0.021094 0.020833
0 0.277604 0.256019 0.052604 0.032407
0 0.573828 0.899074 0.035156 0.050926
0 0.419792 0.956250 0.012500 0.063426
0 0.787240 0.312037 0.016667 0.019444
0 0.574349 0.371991 0.016927 0.017130
0 0.293359 0.928472 0.037240 0.020833
0 0.357943 0.056250 0.051823 0.037500
0 0.803776 0.196065 0.103385 0.074537
0 0.915625 0.329630 0.020833 0.018519
0 0.363542 0.502778 0.036979 0.019444
0 0.458203 0.573380 0.052865 0.048611
0 0.594661 0.711343 0.064844 0.054167
0 0.107943 0.376620 0.037760 0.022685
0 0.532292 0.288194 0.105208 0.078241
0 0.073634 0.649199 0.144742 0.083139
0 0.492318 0.140741 0.195573 0.150926
0 0.951823 0.459028 0.096354 0.087500
