0 0.687370 0.710648 0.037240 0.036111
0 0.623958 0.634028 0.044271 0.045833
0 0.792708 0.797685 0.047396 0.054630
0 0.696484 0.893056 0.064844 0.058333
0 0.949740 0.264815 0.046875 0.050926
0 0.567969 0.368519 0.023958 0.021296
0 0.166146 0.624537 0.055208 0.047222
0 0.954036 0.367130 0.091927 0.093519
0 0.368620 0.308796 0.048177 0.035185
0 0.637891 0.261574 0.016406 0.024074
0 0.566927 0.857639 0.031250 0.045833
0 0.737109 0.290278 0.024219 0.024074
0 0.721094 0.282176 0.018229 0.018981
0 0.566927 0.387269 0.015104 0.014352
0 0.878646 0.410880 0.051562 0.049537
0 0.773438 0.272454 0.017708 0.016204
0 0.738021 0.335185 0.016146 0.019444
0 0.855990 0.269676 0.046354 0.052315
0 0.828385 0.876157 0.038021 0.037500
0 0.925000 0.223148 0.043750 0.049074
0 0.778125 0.300000 0.021875 0.017593
0 0.993620 0.234491 0.012760 0.032870
0 0.755599 0.332639 0.014323 0.017130
0 0.912760 0.486111 0.032813 0.034259
0 0.740234 0.316204 0.015885 0.016667
0 0.885286 0.306250 0.048698 0.050463
0 0.991016 0.274074 0.017969 0.018519
0 0.820052 0.360417 0.019271 0.016204
0 0.032292 0.633796 0.064583 0.106481
0 0.890755 0.471296 0.055469 0.047222
0 0.979557 0.411806 0.040885 0.043056
0 0.774479 0.356944 0.017188 0.025000
0 0.762109 0.294676 0.021615 0.018981
0 0.868620 0.450463 0.019010 0.017593
0 0.443359 0.384028 0.015885 0.019907
0 0.789844 0.518056 0.028646 0.031481
0 0.796875 0.374306 0.018750 0.015278
0 0.482682 0.226852 0.103906 0.041667
0 0.581641 0.067130 0.144010 0.134259
0 0.925391 0.441898 0.030469 0.031944
0 0.064323 0.572454 0.014063 0.011574
0 0.731901 0.252546 0.019531 0.018981
0 0.371745 0.043519 0.014844 0.015741
0 0.380990 0.159259 0.041146 0.020370
0 0.867448 0.361111 0.031250 0.029630
0 0.844141 0.460417 0.020573 0.018981
0 0.884766 0.509954 0.022135 0.021759
0 0.835807 0.371528 0.028906 0.018981
0 0.040495 0.613426 0.011719 0.015741
0 0.217188 0.271759 0.085417 0.057407
0 0.355729 0.493519 0.032813 0.018519
0 0.623958 0.583333 0.030208 0.019444
0 0.501172 0.581713 0.029427 0.018056
0 0.171745 0.953935 0.033594 0.018056
0 0.985938 0.626620 0.028125 0.131944
0 0.528776 0.312037 0.092969 0.070370
