0 0.846745 0.859491 0.055990 0.066204
0 0.409635 0.555093 0.052604 0.050926
0 0.349089 0.275231 0.054948 0.040278
0 0.527214 0.688426 0.053906 0.054630
0 0.508073 0.612269 0.041146 0.037500
0 0.756510 0.247222 0.020833 0.022222
0 0.938802 0.397454 0.060417 0.055093
0 0.993490 0.832639 0.013021 0.036574
0 0.434635 0.561343 0.016146 0.039352
0 0.818099 0.236574 0.021615 0.019444
0 0.978646 0.483565 0.038021 0.036574
0 0.946745 0.275926 0.058073 0.060185
0 0.983464 0.184028 0.033073 0.052315
0 0.772656 0.255787 0.023958 0.026389
0 0.827604 0.319213 0.018750 0.034722
0 0.580078 0.347222 0.027865 0.021296
0 0.986068 0.368519 0.027865 0.065741
0 0.944922 0.510648 0.025781 0.021296
0 0.776042 0.309722 0.018229 0.022222
0 0.898438 0.453472 0.022917 0.022685
0 0.947266 0.465741 0.057552 0.054630
0 0.271615 0.245833 0.054688 0.030556
0 0.803776 0.261343 0.023698 0.019907
0 0.913151 0.232639 0.054427 0.061574
0 0.929688 0.441667 0.021875 0.022222
0 0.026172 0.335417 0.019010 0.018056
0 0.576953 0.910648 0.036198 0.052778
0 0.830729 0.509954 0.016667 0.021759
0 0.821615 0.266204 0.024479 0.021296
0 0.870964 0.563657 0.032552 0.026389
0 0.577734 0.366204 0.017448 0.017593
0 0.987370 0.437500 0.025260 0.028704
0 0.360677 0.088657 0.051562 0.022685
0 0.635938 0.275926 0.019271 0.034259
0 0.141927 0.438194 0.050000 0.021759
0 0.328906 0.921759 0.040104 0.022222
0 0.288542 0.475926 0.039062 0.025926
0 0.073177 0.644676 0.125000 0.062500
0 0.493229 0.127315 0.203646 0.157407
0 0.534115 0.280556 0.107813 0.080556
