0 0.584245 0.617824 0.043490 0.046759
0 0.752995 0.774074 0.058594 0.052778
0 0.747526 0.942824 0.053385 0.061574
0 0.566667 0.612269 0.008854 0.033796
0 0.191016 0.946296 0.013281 0.016667
0 0.961849 0.258796 0.048698 0.052778
0 0.652214 0.692361 0.033594 0.034722
0 0.959245 0.367824 0.081510 0.089352
0 0.936068 0.217361 0.045052 0.049537
0 0.839844 0.889583 0.044271 0.044907
0 0.567969 0.867361 0.031771 0.046759
0 0.367318 0.029398 0.015885 0.019907
0 0.989974 0.986343 0.020052 0.027315
0 0.050521 0.574074 0.015625 0.012037
0 0.377083 0.146991 0.041667 0.018981
0 0.895703 0.301852 0.050260 0.051852
0 0.663542 0.702315 0.015104 0.016667
0 0.893490 0.510648 0.020313 0.019444
0 0.924089 0.486111 0.033594 0.035185
0 0.878516 0.449769 0.020052 0.018056
0 0.644010 0.252546 0.010937 0.018981
0 0.888672 0.409259 0.052865 0.050000
0 0.586068 0.056019 0.142969 0.112037
0 0.726693 0.276620 0.017969 0.018981
0 0.793099 0.516435 0.015365 0.025463
0 0.741667 0.284259 0.021875 0.024074
0 0.569792 0.365278 0.026042 0.022222
0 0.185286 0.986111 0.016406 0.027778
0 0.785286 0.294676 0.022135 0.018981
0 0.865625 0.263426 0.047396 0.054630
0 0.781641 0.266435 0.020052 0.018056
0 0.754427 0.321528 0.034375 0.038426
0 0.884375 0.577083 0.017188 0.013426
0 0.782161 0.352778 0.018490 0.026852
0 0.985547 0.413426 0.028906 0.037963
0 0.567839 0.384491 0.014844 0.015278
0 0.854036 0.459259 0.018490 0.018519
0 0.085677 0.144213 0.171354 0.288426
0 0.937370 0.440972 0.033073 0.033796
0 0.441406 0.380556 0.015625 0.020370
0 0.438672 0.500000 0.016406 0.024074
0 0.383984 0.094213 0.023177 0.018981
0 0.744271 0.331944 0.015104 0.019444
0 0.768750 0.289352 0.021875 0.019444
0 0.901563 0.471065 0.059896 0.046759
0 0.877865 0.311806 0.015625 0.032870
0 0.284505 0.256250 0.068490 0.056944
0 0.741016 0.236343 0.025260 0.035648
0 0.208854 0.264583 0.087500 0.058796
0 0.298568 0.466435 0.034635 0.019907
0 0.529036 0.307407 0.096094 0.073148
0 0.439323 0.557639 0.033854 0.019907
0 0.563411 0.564352 0.027865 0.016667
0 0.365495 0.303009 0.050260 0.036574
0 0.493490 0.175926 0.176563 0.130556
0 0.088462 0.659361 0.176201 0.171287
