0 0.662240 0.650926 0.047396 0.046296
0 0.984505 0.692824 0.030990 0.081944
0 0.400911 0.515509 0.015365 0.015278
0 0.552083 0.606019 0.019271 0.016667
0 0.832552 0.822917 0.046354 0.056019
0 0.632682 0.848611 0.045573 0.054630
0 0.937630 0.270139 0.045052 0.049537
0 0.715625 0.730093 0.035937 0.037037
0 0.372396 0.313657 0.046875 0.032870
0 0.948568 0.365741 0.102865 0.100000
0 0.636979 0.263889 0.009375 0.015741
0 0.565104 0.847222 0.030729 0.044444
0 0.672266 0.607407 0.019010 0.016667
0 0.868880 0.412963 0.049219 0.047222
0 0.970833 0.411806 0.048438 0.043981
0 0.783333 0.517361 0.027604 0.030093
0 0.987240 0.239815 0.025521 0.034259
0 0.489323 0.231944 0.091146 0.036111
0 0.875000 0.311574 0.046875 0.050000
0 0.976953 0.312731 0.023698 0.019907
0 0.566667 0.370602 0.022396 0.023611
0 0.913411 0.229630 0.042448 0.047222
0 0.536979 0.127315 0.223958 0.254630
0 0.715365 0.287269 0.017708 0.018981
0 0.963281 0.289583 0.019792 0.018981
0 0.846745 0.274769 0.045573 0.051389
0 0.730859 0.294213 0.023698 0.023611
0 0.823047 0.867361 0.041927 0.043056
0 0.768359 0.359028 0.017969 0.025463
0 0.731641 0.340278 0.014323 0.018519
0 0.763932 0.943750 0.019531 0.023611
0 0.767188 0.277083 0.017708 0.016204
0 0.777344 0.515046 0.015625 0.023611
0 0.771354 0.303935 0.021875 0.017130
0 0.227083 0.277546 0.078125 0.055093
0 0.812240 0.363194 0.018229 0.016204
0 0.755599 0.299537 0.019531 0.018519
0 0.442448 0.499306 0.015625 0.022685
0 0.789453 0.376852 0.017448 0.013889
0 0.462760 0.990046 0.018750 0.019907
0 0.070703 0.020370 0.034635 0.040741
0 0.375260 0.059954 0.019792 0.021759
0 0.735938 0.319213 0.017708 0.018056
0 0.145313 0.962037 0.033333 0.019444
0 0.848047 0.017361 0.046094 0.034722
0 0.528125 0.317593 0.090625 0.068519
0 0.897786 0.462500 0.089844 0.079630
0 0.096745 0.646731 0.193490 0.168704
