0 0.786979 0.737037 0.035937 0.047222
0 0.137891 0.977546 0.053906 0.044907
0 0.436198 0.747454 0.042188 0.032870
0 0.729948 0.724769 0.015625 0.018981
0 0.311849 0.473843 0.029427 0.018056
0 0.552734 0.765741 0.019010 0.017593
0 0.594141 0.602778 0.013281 0.015741
0 0.967708 0.480093 0.042188 0.059259
0 0.384896 0.329861 0.043750 0.031019
0 0.895312 0.288657 0.040625 0.044907
0 0.014844 0.589352 0.029687 0.062963
0 0.815234 0.814583 0.028906 0.037500
0 0.968750 0.947454 0.048438 0.058796
0 0.341927 0.431250 0.023958 0.015278
0 0.464323 0.967130 0.020833 0.065741
0 0.989583 0.819444 0.020833 0.052778
0 0.795833 0.038426 0.032292 0.076852
0 0.560677 0.379398 0.022917 0.022685
0 0.951953 0.252315 0.046094 0.045370
0 0.764453 0.935648 0.019531 0.020370
0 0.558724 0.812963 0.027865 0.040741
0 0.832812 0.418519 0.044792 0.043519
0 0.694661 0.304398 0.016927 0.017130
0 0.873307 0.253704 0.037760 0.040741
0 0.925521 0.417361 0.043229 0.040278
0 0.498698 0.256713 0.060937 0.033796
0 0.121745 0.561111 0.013802 0.012037
0 0.813021 0.293981 0.039583 0.046296
0 0.511589 0.969213 0.022135 0.061574
0 0.020573 0.182176 0.041146 0.075463
0 0.845833 0.327083 0.055208 0.044907
0 0.389062 0.105556 0.013021 0.015741
0 0.707682 0.311806 0.021094 0.021759
0 0.790755 0.829167 0.037240 0.037037
0 0.254948 0.300463 0.069271 0.050926
0 0.741667 0.370370 0.015625 0.024074
0 0.956901 0.281250 0.018490 0.016204
0 0.623177 0.286343 0.008333 0.017130
0 0.559245 0.396759 0.012760 0.012963
0 0.862630 0.483796 0.027344 0.030556
0 0.843620 0.470833 0.048177 0.040741
0 0.756120 0.511806 0.023698 0.026389
0 0.528906 0.138426 0.207813 0.276852
0 0.314583 0.060648 0.028125 0.029630
0 0.709896 0.352315 0.013021 0.016667
0 0.621354 0.291435 0.015104 0.029167
0 0.741016 0.295602 0.016406 0.016204
0 0.875521 0.445602 0.026562 0.030093
0 0.309245 0.830093 0.029948 0.056481
0 0.603516 0.328009 0.013802 0.022685
0 0.744661 0.319676 0.019010 0.017130
0 0.842448 0.741898 0.026042 0.018981
0 0.120573 0.627546 0.215104 0.094907
0 0.524609 0.332407 0.082552 0.062037
0 0.929427 0.368287 0.141146 0.105093
