0 0.392839 0.744213 0.041406 0.031019
0 0.815755 0.761343 0.036198 0.046759
0 0.766406 0.759491 0.014063 0.016204
0 0.148307 0.973380 0.049219 0.050463
0 0.465495 0.957870 0.020573 0.066667
0 0.870964 0.778472 0.014844 0.019907
0 0.989714 0.440741 0.020573 0.019444
0 0.371354 0.503241 0.018750 0.015741
0 0.510938 0.959954 0.021354 0.063426
0 0.386979 0.332870 0.041667 0.030556
0 0.886068 0.293056 0.039323 0.043519
0 0.946484 0.508102 0.046615 0.064352
0 0.211198 0.606250 0.044271 0.043056
0 0.985417 0.175463 0.029167 0.041667
0 0.941276 0.257639 0.045052 0.044907
0 0.028776 0.188889 0.047135 0.070370
0 0.991797 0.317824 0.016406 0.032870
0 0.864453 0.259028 0.036719 0.039352
0 0.915495 0.418287 0.041927 0.039352
0 0.557552 0.804630 0.027083 0.039815
0 0.988151 0.225694 0.023698 0.036574
0 0.837109 0.837963 0.028385 0.037037
0 0.690625 0.309491 0.016146 0.016204
0 0.824870 0.419676 0.043490 0.042130
0 0.791276 0.055787 0.024740 0.061574
0 0.785026 0.821528 0.036719 0.038426
0 0.837891 0.330324 0.054948 0.043981
0 0.806641 0.297685 0.040365 0.046296
0 0.987109 0.976157 0.025781 0.045833
0 0.703385 0.315972 0.020313 0.019907
0 0.390495 0.116898 0.016406 0.018056
0 0.751563 0.510880 0.025521 0.026389
0 0.736849 0.372685 0.015885 0.021296
0 0.617318 0.296759 0.015365 0.029630
0 0.258724 0.304167 0.071094 0.050000
0 0.785677 0.043287 0.036458 0.086574
0 0.735677 0.299769 0.014583 0.016204
0 0.775781 0.375463 0.017188 0.015741
0 0.755859 0.387500 0.015365 0.013889
0 0.994401 0.838657 0.011198 0.035648
0 0.319271 0.071759 0.027083 0.029630
0 0.559375 0.382870 0.024479 0.021296
0 0.822005 0.583565 0.014844 0.011574
0 0.704818 0.356250 0.012760 0.015278
0 0.527214 0.140741 0.204427 0.281481
0 0.930599 0.297685 0.023698 0.016667
0 0.642708 0.624306 0.025521 0.016204
0 0.919401 0.370833 0.137760 0.101852
0 0.515755 0.739583 0.030990 0.016204
0 0.394922 0.452315 0.027344 0.016667
0 0.714714 0.881944 0.027344 0.019444
0 0.083203 0.605556 0.166406 0.126852
0 0.847526 0.489815 0.042448 0.040741
0 0.845833 0.461111 0.068750 0.060185
0 0.524219 0.335880 0.080208 0.060648
