0 0.351172 0.745833 0.039844 0.034259
0 0.844661 0.787963 0.041927 0.047222
0 0.433073 0.470139 0.015625 0.015278
0 0.924219 0.540046 0.038542 0.066204
0 0.216406 0.603935 0.040104 0.041204
0 0.959245 0.465741 0.019531 0.020370
0 0.389974 0.337037 0.040885 0.029630
0 0.466406 0.946991 0.019792 0.067130
0 0.658333 0.836343 0.016667 0.018056
0 0.877474 0.297917 0.038281 0.043056
0 0.986328 0.317824 0.027344 0.040278
0 0.857422 0.860648 0.026823 0.036111
0 0.799609 0.789352 0.023177 0.021296
0 0.510677 0.950463 0.019271 0.060185
0 0.931510 0.262037 0.043750 0.044444
0 0.778516 0.813426 0.035677 0.036111
0 0.556641 0.797917 0.026302 0.038426
0 0.979948 0.183333 0.040104 0.038889
0 0.161719 0.966898 0.060937 0.066204
0 0.778776 0.047685 0.038281 0.095370
0 0.022656 0.601620 0.045312 0.107870
0 0.982812 0.227546 0.034375 0.043981
0 0.907161 0.815741 0.024740 0.030556
0 0.140365 0.558102 0.011458 0.011574
0 0.558333 0.386806 0.020833 0.017130
0 0.817969 0.421296 0.041667 0.040741
0 0.823307 0.334259 0.039323 0.040741
0 0.856510 0.265509 0.035937 0.036574
0 0.828516 0.471528 0.046094 0.037500
0 0.798438 0.302315 0.039062 0.045370
0 0.556771 0.401389 0.013021 0.012037
0 0.745052 0.510880 0.024479 0.027315
0 0.784896 0.063889 0.025000 0.062963
0 0.699219 0.319907 0.019792 0.019444
0 0.618099 0.297222 0.007552 0.019444
0 0.846484 0.483796 0.025781 0.029630
0 0.731641 0.375000 0.015365 0.023148
0 0.902995 0.818750 0.014323 0.020833
0 0.858333 0.447685 0.024479 0.027778
0 0.988542 0.255093 0.017708 0.014815
0 0.143620 0.071296 0.054427 0.075000
0 0.729427 0.303704 0.012500 0.014815
0 0.686328 0.313426 0.015885 0.016667
0 0.900130 0.312037 0.016927 0.013889
0 0.761589 0.964583 0.029948 0.054167
0 0.733724 0.327546 0.019531 0.017130
0 0.056771 0.050000 0.025521 0.032407
0 0.394922 0.127315 0.013802 0.017593
0 0.614844 0.300926 0.015104 0.027778
0 0.524219 0.340741 0.078646 0.060185
0 0.683203 0.647222 0.025260 0.016667
0 0.438542 0.533565 0.027083 0.017130
0 0.473177 0.720833 0.033333 0.016667
0 0.103776 0.621991 0.134115 0.085648
0 0.909375 0.374074 0.133333 0.100000
0 0.908333 0.420370 0.045312 0.038889
