0 0.579818 0.810648 0.043490 0.049074
0 0.982031 0.731481 0.035937 0.078704
0 0.870833 0.851157 0.048958 0.058796
0 0.694661 0.669676 0.040365 0.046759
0 0.926302 0.274537 0.043750 0.049074
0 0.375651 0.317593 0.045573 0.032407
0 0.742318 0.749769 0.032031 0.036574
0 0.179297 0.617593 0.044531 0.046296
0 0.705078 0.886806 0.019010 0.021759
0 0.564193 0.803241 0.012240 0.031481
0 0.089323 0.567824 0.014063 0.013426
0 0.563281 0.837731 0.029687 0.043056
0 0.958594 0.412963 0.047396 0.042593
0 0.721224 0.637269 0.019010 0.017130
0 0.813932 0.856250 0.039844 0.042130
0 0.181901 0.352083 0.016406 0.029167
0 0.858854 0.414120 0.048438 0.046759
0 0.124740 0.993056 0.022396 0.013889
0 0.044531 0.622222 0.089063 0.130556
0 0.902474 0.235880 0.041406 0.046759
0 0.837630 0.279167 0.044010 0.050926
0 0.865104 0.314583 0.045833 0.046759
0 0.710417 0.291435 0.018229 0.018981
0 0.565104 0.373148 0.021875 0.024074
0 0.981120 0.237731 0.037760 0.043981
0 0.055078 0.811806 0.110156 0.131944
0 0.096615 0.374074 0.033854 0.019444
0 0.563411 0.389815 0.013281 0.013889
0 0.725651 0.342130 0.015365 0.019444
0 0.760417 0.361806 0.016667 0.026389
0 0.760156 0.281944 0.017188 0.015741
0 0.723437 0.299074 0.022396 0.023148
0 0.933333 0.302546 0.023958 0.018056
0 0.379036 0.071991 0.020573 0.019907
0 0.821094 0.022454 0.031250 0.044907
0 0.389583 0.178009 0.040625 0.018056
0 0.629297 0.276389 0.018490 0.031481
0 0.763542 0.307639 0.020313 0.017130
0 0.804427 0.365509 0.017708 0.017130
0 0.118620 0.972222 0.032031 0.020370
0 0.459896 0.538657 0.029167 0.017130
0 0.610807 0.630324 0.029948 0.018981
0 0.943359 0.363194 0.113281 0.106944
0 0.526953 0.321065 0.088281 0.067130
0 0.882552 0.462731 0.077604 0.075463
