0 0.482552 0.760880 0.043750 0.037500
0 0.243620 0.445370 0.031510 0.017593
0 0.757161 0.713194 0.036719 0.046759
0 0.381901 0.325463 0.044531 0.031481
0 0.801562 0.033565 0.035417 0.067130
0 0.985286 0.796528 0.029427 0.069907
0 0.904948 0.284259 0.041667 0.045370
0 0.693229 0.689352 0.018750 0.021296
0 0.803385 0.704861 0.017708 0.018056
0 0.935156 0.914120 0.043229 0.058796
0 0.599740 0.798380 0.018229 0.018981
0 0.799870 0.794213 0.045573 0.043056
0 0.294531 0.410417 0.029687 0.016204
0 0.963021 0.246528 0.047396 0.046759
0 0.841146 0.416667 0.045833 0.044444
0 0.987630 0.458333 0.024740 0.051852
0 0.561979 0.378009 0.021875 0.020833
0 0.935937 0.415972 0.044271 0.041204
0 0.622135 0.285880 0.017188 0.029167
0 0.882422 0.247685 0.038802 0.042593
0 0.560156 0.394213 0.011458 0.013426
0 0.507682 0.250694 0.043490 0.033796
0 0.847656 0.322917 0.042708 0.044907
0 0.799089 0.838657 0.039844 0.040278
0 0.821094 0.289120 0.041667 0.047685
0 0.813542 0.594907 0.023438 0.013889
0 0.698568 0.300926 0.015885 0.016667
0 0.863802 0.458565 0.073958 0.066204
0 0.560286 0.820139 0.028385 0.041204
0 0.712240 0.307639 0.019792 0.020833
0 0.991146 0.261111 0.017708 0.016667
0 0.569010 0.083565 0.133333 0.167130
0 0.014974 0.180556 0.029948 0.064815
0 0.714583 0.349306 0.013021 0.015278
0 0.750521 0.316204 0.019271 0.016667
0 0.112500 0.156713 0.225000 0.313426
0 0.746354 0.290741 0.015104 0.015741
0 0.246354 0.296528 0.075000 0.051389
0 0.871615 0.484028 0.029167 0.031944
0 0.748307 0.368056 0.017448 0.023148
0 0.762500 0.512731 0.026562 0.028241
0 0.128646 0.982870 0.057292 0.034259
0 0.554818 0.581713 0.027344 0.016204
0 0.933854 0.365741 0.132292 0.106481
0 0.108464 0.629743 0.216927 0.163662
0 0.525260 0.327778 0.084375 0.062037
