0 0.529297 0.781250 0.042448 0.043056
0 0.650521 0.838657 0.018229 0.020833
0 0.730078 0.690972 0.045052 0.047685
0 0.982812 0.766204 0.034375 0.073148
0 0.651172 0.656713 0.016927 0.018981
0 0.903125 0.881944 0.044271 0.058333
0 0.803646 0.845833 0.035417 0.037963
0 0.167318 0.412037 0.025260 0.017593
0 0.772786 0.770602 0.040365 0.038426
0 0.915234 0.279861 0.042969 0.047685
0 0.380208 0.321528 0.048438 0.031944
0 0.187240 0.614352 0.042708 0.043519
0 0.811589 0.028241 0.032031 0.056481
0 0.049089 0.615741 0.098177 0.124074
0 0.975260 0.240972 0.049479 0.047685
0 0.764193 0.669907 0.019010 0.018519
0 0.849609 0.415972 0.047135 0.045833
0 0.946875 0.414120 0.045833 0.042130
0 0.753125 0.364583 0.015625 0.026389
0 0.855859 0.318519 0.044010 0.046296
0 0.629427 0.276157 0.009375 0.018056
0 0.892318 0.241667 0.039844 0.044444
0 0.561719 0.392130 0.013021 0.013889
0 0.828646 0.284259 0.042188 0.048148
0 0.705208 0.296065 0.017188 0.017130
0 0.768359 0.514120 0.025781 0.028241
0 0.753516 0.286111 0.015885 0.015741
0 0.717969 0.303472 0.020833 0.022685
0 0.494010 0.210880 0.156771 0.113426
0 0.563802 0.375463 0.022396 0.021296
0 0.121875 0.638889 0.027604 0.017593
0 0.561458 0.828472 0.029167 0.042130
0 0.100391 0.566204 0.013281 0.013889
0 0.447396 0.390509 0.014583 0.018056
0 0.625651 0.281019 0.017448 0.028704
0 0.382812 0.084028 0.016667 0.019907
0 0.774740 0.380787 0.015625 0.014352
0 0.532682 0.131713 0.215365 0.263426
0 0.818880 0.594444 0.018490 0.014815
0 0.059766 0.808102 0.119531 0.139352
0 0.834766 0.361806 0.011719 0.015278
0 0.796354 0.367824 0.018229 0.016204
0 0.720443 0.346296 0.014323 0.017593
0 0.396875 0.140509 0.019792 0.016204
0 0.074740 0.603935 0.010937 0.015278
0 0.846875 0.566204 0.013542 0.013889
0 0.526172 0.324306 0.086719 0.064352
0 0.507812 0.559954 0.028125 0.017130
0 0.245312 0.387269 0.034375 0.018981
0 0.131250 0.987963 0.029687 0.024074
0 0.091536 0.984028 0.029948 0.019907
0 0.938411 0.361343 0.123177 0.112500
0 0.871484 0.463889 0.079948 0.074074
