0 0.208724 0.797454 0.036198 0.040278
0 0.886068 0.653704 0.024219 0.062037
0 0.473438 0.733796 0.018229 0.014815
0 0.400521 0.351620 0.039062 0.026389
0 0.470182 0.909491 0.017969 0.060648
0 0.946094 0.907870 0.036458 0.047222
0 0.511198 0.911111 0.018750 0.057407
0 0.652214 0.647222 0.017448 0.016667
0 0.959505 0.327083 0.051302 0.047685
0 0.943620 0.205324 0.042969 0.043056
0 0.846354 0.314352 0.035417 0.040741
0 0.901042 0.593519 0.014583 0.027778
0 0.895573 0.281713 0.039583 0.039352
0 0.193490 0.962037 0.050521 0.062037
0 0.751042 0.065046 0.041667 0.130093
0 0.810547 0.751620 0.010156 0.015278
0 0.928125 0.952546 0.024479 0.037500
0 0.946745 0.248843 0.039323 0.041204
0 0.782552 0.435185 0.019271 0.024074
0 0.241797 0.596528 0.039844 0.039352
0 0.899089 0.528935 0.011198 0.013426
0 0.965885 0.427778 0.015104 0.010185
0 0.827214 0.284722 0.032552 0.032407
0 0.055859 0.593981 0.051823 0.098148
0 0.755078 0.785185 0.029948 0.030556
0 0.553255 0.775694 0.024219 0.041204
0 0.959375 0.958102 0.013542 0.022685
0 0.786458 0.106481 0.025521 0.021296
0 0.813281 0.748843 0.023438 0.024537
0 0.760417 0.105093 0.022396 0.049074
0 0.107161 0.616898 0.058073 0.069907
0 0.173828 0.554398 0.010156 0.007870
0 0.990234 0.371759 0.015885 0.013889
0 0.721094 0.510185 0.014583 0.024074
0 0.775911 0.318287 0.037240 0.041204
0 0.681250 0.915046 0.017188 0.033796
0 0.690885 0.362037 0.026562 0.029630
0 0.173047 0.109722 0.053385 0.069444
0 0.122396 0.601389 0.101042 0.100926
0 0.975781 0.225926 0.020313 0.024074
0 0.808854 0.747685 0.014583 0.023148
0 0.119922 0.600694 0.094531 0.101389
0 0.797526 0.347222 0.037240 0.037963
0 0.964714 0.960417 0.024219 0.028241
0 0.038672 0.533333 0.020052 0.028704
0 0.977344 0.223843 0.024479 0.028241
0 0.725130 0.510185 0.022656 0.025926
0 0.791406 0.427546 0.038542 0.038426
0 0.587891 0.863426 0.007031 0.012037
0 0.055990 0.512963 0.017708 0.015741
0 0.041927 0.247685 0.025521 0.029630
0 0.498698 0.287731 0.057292 0.027315
0 0.681641 0.334259 0.017448 0.019444
0 0.522656 0.354398 0.071875 0.055093
0 0.315885 0.702546 0.032292 0.016204
0 0.875260 0.384028 0.120833 0.091204
0 0.604036 0.552315 0.022135 0.015741
0 0.874870 0.426157 0.041927 0.035648
0 0.811458 0.490278 0.039062 0.036111
0 0.815365 0.463889 0.077604 0.054630
