0 0.147656 0.837037 0.034375 0.040741
0 0.251563 0.592130 0.036458 0.036111
0 0.404167 0.356944 0.036458 0.025926
0 0.471484 0.892593 0.017448 0.058333
0 0.881380 0.582176 0.011198 0.015278
0 0.205599 0.943519 0.047656 0.056481
0 0.510938 0.894213 0.019271 0.055093
0 0.912891 0.666667 0.013802 0.019444
0 0.073307 0.334028 0.036198 0.044907
0 0.891406 0.700926 0.029687 0.056481
0 0.985156 0.382407 0.029687 0.042593
0 0.860547 0.808565 0.012240 0.016204
0 0.740104 0.714583 0.011979 0.014352
0 0.832422 0.320602 0.034635 0.037500
0 0.984635 0.312500 0.030729 0.034259
0 0.940495 0.333102 0.049219 0.045833
0 0.798438 0.935185 0.034375 0.050000
0 0.986589 0.969213 0.026823 0.046759
0 0.076172 0.590278 0.053906 0.094444
0 0.125651 0.314583 0.024219 0.026389
0 0.928646 0.258333 0.037500 0.039815
0 0.925391 0.216898 0.040365 0.039352
0 0.097656 0.236806 0.040104 0.057870
0 0.919141 0.450000 0.015885 0.014815
0 0.879687 0.289583 0.037500 0.038426
0 0.776953 0.434491 0.028906 0.028241
0 0.669010 0.597917 0.013021 0.015278
0 0.201302 0.612500 0.018750 0.016667
0 0.295964 0.334722 0.057552 0.038889
0 0.084909 0.558331 0.044255 0.032699
0 0.857422 0.428935 0.035677 0.033796
0 0.550781 0.762963 0.023438 0.036111
0 0.057682 0.536806 0.019010 0.039352
0 0.817839 0.294213 0.040365 0.030093
0 0.573698 0.842593 0.006771 0.011111
0 0.745573 0.774769 0.031771 0.032870
0 0.941927 0.396528 0.014583 0.014352
0 0.717448 0.508565 0.024479 0.025463
0 0.178385 0.618519 0.016667 0.016667
0 0.791016 0.353009 0.047656 0.037500
0 0.073568 0.512269 0.016406 0.015278
0 0.704036 0.389120 0.012760 0.018981
0 0.117708 0.612037 0.042188 0.065741
0 0.160938 0.583102 0.008854 0.013426
0 0.737240 0.433102 0.012500 0.014352
0 0.041406 0.519676 0.016146 0.021759
0 0.186589 0.121528 0.051823 0.077315
0 0.550781 0.400231 0.017188 0.017130
0 0.702214 0.326852 0.010677 0.013889
0 0.674479 0.340278 0.018229 0.019444
0 0.788932 0.474074 0.041406 0.033333
0 0.805078 0.485648 0.023177 0.025926
0 0.769141 0.325463 0.045573 0.038889
0 0.107813 0.249537 0.025000 0.043519
0 0.388932 0.727315 0.026823 0.013889
0 0.859766 0.387269 0.115885 0.086574
0 0.521354 0.359259 0.068750 0.050926
0 0.241146 0.725000 0.027604 0.014815
0 0.738672 0.071991 0.042969 0.143981
