0 0.276042 0.765278 0.038542 0.037963
0 0.897656 0.845833 0.038021 0.047222
0 0.384766 0.699769 0.016927 0.015278
0 0.895703 0.601389 0.021094 0.062963
0 0.550260 0.589120 0.019792 0.015278
0 0.230599 0.599769 0.042969 0.040278
0 0.468620 0.927778 0.018490 0.062963
0 0.755469 0.697454 0.020833 0.018056
0 0.765625 0.798148 0.030729 0.030556
0 0.861458 0.306250 0.036458 0.041204
0 0.976302 0.320370 0.047396 0.049074
0 0.395052 0.344907 0.039062 0.027778
0 0.916797 0.520139 0.019010 0.027315
0 0.511068 0.927546 0.021094 0.063426
0 0.035937 0.598148 0.054688 0.102778
0 0.963021 0.192361 0.045312 0.045833
0 0.913151 0.272917 0.041406 0.042130
0 0.566276 0.768981 0.020052 0.014815
0 0.764714 0.057176 0.039323 0.114352
0 0.966276 0.238657 0.041406 0.043056
0 0.894792 0.906944 0.025521 0.036111
0 0.963542 0.904630 0.014063 0.021296
0 0.804297 0.424537 0.040365 0.039815
0 0.889062 0.423843 0.039062 0.037500
0 0.555469 0.785185 0.025000 0.037037
0 0.810026 0.341204 0.038281 0.039815
0 0.609896 0.309722 0.016146 0.025926
0 0.105469 0.620370 0.093229 0.076852
0 0.276302 0.319676 0.064583 0.043981
0 0.555339 0.390741 0.018490 0.019444
0 0.174479 0.621991 0.019792 0.019907
0 0.554167 0.405787 0.010417 0.011574
0 0.034115 0.512731 0.015104 0.014352
0 0.841536 0.275463 0.034115 0.033333
0 0.507422 0.278241 0.039844 0.029630
0 0.786198 0.311343 0.036458 0.042130
0 0.678385 0.321528 0.015104 0.016204
0 0.691016 0.328009 0.019010 0.019907
0 0.158073 0.091435 0.054688 0.072685
0 0.452995 0.497917 0.013802 0.019907
0 0.788542 0.889815 0.031771 0.035185
0 0.721224 0.313426 0.014844 0.013889
0 0.902734 0.280787 0.021094 0.027315
0 0.798958 0.090509 0.025000 0.024537
0 0.711068 0.331250 0.016927 0.015278
0 0.993099 0.213657 0.013802 0.027315
0 0.772266 0.086111 0.023698 0.056481
0 0.524479 0.509954 0.022917 0.016204
0 0.172526 0.956713 0.159115 0.086574
0 0.891536 0.378704 0.126302 0.096296
0 0.827604 0.464583 0.082812 0.069907
0 0.523177 0.347685 0.075521 0.056481
