0 0.241667 0.780556 0.036979 0.038889
0 0.601693 0.617824 0.017448 0.014352
0 0.469401 0.918287 0.018490 0.062500
0 0.562630 0.530093 0.016927 0.014815
0 0.345573 0.697917 0.017188 0.015278
0 0.889193 0.628241 0.020573 0.062963
0 0.510938 0.919213 0.019792 0.060648
0 0.518880 0.748148 0.017448 0.015741
0 0.969401 0.323380 0.052344 0.048611
0 0.186979 0.969907 0.052083 0.060185
0 0.853646 0.309954 0.035417 0.040278
0 0.922526 0.876157 0.036198 0.046759
0 0.953255 0.198611 0.044531 0.044444
0 0.904167 0.276852 0.040625 0.041667
0 0.956380 0.243750 0.040365 0.042130
0 0.398307 0.348380 0.040365 0.026389
0 0.757292 0.060880 0.040104 0.121759
0 0.911979 0.929630 0.025521 0.037037
0 0.992578 0.951157 0.014844 0.020833
0 0.761849 0.793519 0.035156 0.035185
0 0.992318 0.415972 0.015365 0.011574
0 0.917578 0.503472 0.013802 0.013426
0 0.987109 0.219907 0.022135 0.024074
0 0.026042 0.532176 0.014583 0.024537
0 0.804688 0.344676 0.040104 0.038426
0 0.678646 0.934722 0.016667 0.027778
0 0.553385 0.407407 0.011979 0.011111
0 0.834245 0.280324 0.033594 0.032870
0 0.608203 0.313657 0.013281 0.026389
0 0.282161 0.323611 0.063802 0.044444
0 0.716146 0.315972 0.011979 0.013426
0 0.685807 0.331250 0.016927 0.018981
0 0.044661 0.512037 0.015885 0.014815
0 0.786979 0.314583 0.048438 0.042130
0 0.905729 0.555787 0.016146 0.028241
0 0.729557 0.510185 0.021615 0.025926
0 0.553906 0.778704 0.024479 0.036111
0 0.791536 0.099074 0.024219 0.024074
0 0.674740 0.324769 0.014063 0.017130
0 0.696354 0.359722 0.027604 0.030556
0 0.793880 0.579167 0.010677 0.014815
0 0.717448 0.383102 0.015104 0.020833
0 0.168099 0.100694 0.048177 0.069907
0 0.224740 0.437500 0.039583 0.024074
0 0.766406 0.452315 0.014583 0.019444
0 0.720313 0.338194 0.018229 0.015278
0 0.889714 0.627315 0.030990 0.065741
0 0.126042 0.169213 0.252083 0.338426
0 0.454167 0.497917 0.013021 0.019907
0 0.403385 0.154398 0.012500 0.015278
0 0.771875 0.465046 0.013542 0.014352
0 0.522656 0.350926 0.073958 0.056481
0 0.883073 0.381250 0.123438 0.093056
0 0.786198 0.723843 0.022396 0.018056
0 0.797786 0.425694 0.039323 0.038426
0 0.882292 0.424769 0.042188 0.036574
0 0.138513 0.597053 0.238599 0.120958
0 0.820833 0.466898 0.076042 0.063426
