0 0.872526 0.816435 0.038802 0.047685
0 0.312630 0.753009 0.039844 0.035648
0 0.936589 0.492361 0.019531 0.023611
0 0.869401 0.302315 0.037240 0.041667
0 0.467318 0.937269 0.019010 0.065278
0 0.933594 0.860648 0.014583 0.020370
0 0.973437 0.185648 0.046875 0.046296
0 0.876693 0.884028 0.026302 0.036574
0 0.185417 0.960417 0.123958 0.079167
0 0.842057 0.825926 0.015365 0.019444
0 0.392839 0.341435 0.040365 0.028241
0 0.771224 0.805324 0.031510 0.031019
0 0.981250 0.318750 0.037500 0.044907
0 0.510677 0.938889 0.020313 0.062037
0 0.976823 0.232870 0.042188 0.044444
0 0.424089 0.707407 0.017448 0.015741
0 0.497005 0.560185 0.025781 0.014815
0 0.610807 0.798843 0.017448 0.017130
0 0.152083 0.080556 0.051562 0.073148
0 0.770964 0.052778 0.038281 0.105556
0 0.922135 0.268056 0.042708 0.042593
0 0.555859 0.791667 0.025781 0.037963
0 0.848958 0.270602 0.034896 0.035648
0 0.726562 0.308796 0.014583 0.014815
0 0.451693 0.497454 0.013802 0.019907
0 0.556771 0.389120 0.019271 0.016204
0 0.816536 0.337731 0.038281 0.041204
0 0.079297 0.048611 0.047656 0.058333
0 0.727214 0.378704 0.016406 0.022222
0 0.010547 0.537963 0.021094 0.049074
0 0.792969 0.306019 0.037500 0.042593
0 0.405208 0.265741 0.047917 0.048148
0 0.727995 0.331944 0.017969 0.014815
0 0.962240 0.270139 0.019271 0.014352
0 0.839193 0.484954 0.027344 0.029167
0 0.764062 0.381481 0.017188 0.015741
0 0.555599 0.403935 0.011198 0.011574
0 0.778255 0.077315 0.023698 0.056481
0 0.696745 0.361806 0.012760 0.014352
0 0.820182 0.472222 0.043490 0.037037
0 0.050911 0.204630 0.045052 0.065741
0 0.799870 0.376620 0.011719 0.015278
0 0.596354 0.338657 0.011979 0.020833
0 0.715885 0.328704 0.016667 0.016667
0 0.739453 0.510648 0.022656 0.025926
0 0.850260 0.448611 0.024479 0.027778
0 0.097266 0.977546 0.033594 0.044907
0 0.745443 0.392593 0.012240 0.012963
0 0.703646 0.353241 0.028125 0.030556
0 0.615755 0.302546 0.008073 0.018981
0 0.815755 0.504167 0.016927 0.017593
0 0.436328 0.707639 0.025260 0.015278
0 0.876302 0.325463 0.015625 0.013889
0 0.608333 0.898611 0.005729 0.012963
0 0.270964 0.315046 0.065885 0.046759
0 0.483854 0.490278 0.026562 0.016667
0 0.900000 0.422454 0.045312 0.038426
0 0.721745 0.671528 0.021615 0.016204
0 0.810807 0.423380 0.040885 0.040278
0 0.689323 0.321296 0.029687 0.025000
0 0.523958 0.344676 0.077083 0.059722
0 0.122266 0.605817 0.244531 0.121690
0 0.898177 0.376852 0.133854 0.097222
0 0.865234 0.559722 0.126302 0.088889
