0 0.783073 0.750926 0.023438 0.017593
0 0.119661 0.858102 0.033594 0.041204
0 0.878385 0.604630 0.011458 0.014815
0 0.199609 0.741898 0.013281 0.015278
0 0.757031 0.888426 0.034375 0.046296
0 0.929297 0.705093 0.021094 0.021296
0 0.964844 0.396991 0.037500 0.043056
0 0.825260 0.323611 0.032813 0.037037
0 0.916667 0.222454 0.039583 0.038426
0 0.739323 0.767824 0.029167 0.029167
0 0.405599 0.360185 0.036198 0.025926
0 0.977083 0.315972 0.038542 0.033796
0 0.931250 0.336111 0.047396 0.044444
0 0.116016 0.368519 0.035156 0.040741
0 0.165755 0.344213 0.024740 0.025463
0 0.889714 0.837500 0.021615 0.016667
0 0.871875 0.293287 0.035937 0.037500
0 0.919661 0.262500 0.036719 0.038889
0 0.211328 0.934722 0.047656 0.057407
0 0.897135 0.723843 0.030208 0.053241
0 0.549479 0.401852 0.016667 0.015741
0 0.700130 0.620833 0.011198 0.013889
0 0.195052 0.134028 0.044792 0.065278
0 0.773438 0.433796 0.034896 0.029630
0 0.851042 0.433102 0.036979 0.027315
0 0.549870 0.757176 0.022135 0.034722
0 0.925521 0.705093 0.013542 0.020370
0 0.472135 0.882639 0.017708 0.060648
0 0.895964 0.462500 0.012760 0.012037
0 0.784505 0.355787 0.045573 0.036574
0 0.742708 0.125694 0.023438 0.050463
0 0.808854 0.297685 0.033854 0.029630
0 0.050651 0.519444 0.015885 0.021296
0 0.510286 0.886111 0.018490 0.053704
0 0.299609 0.337731 0.057031 0.040278
0 0.758464 0.328241 0.034115 0.037963
0 0.599609 0.328472 0.012760 0.023611
0 0.620052 0.884028 0.022396 0.031944
0 0.919922 0.409028 0.014844 0.014352
0 0.065365 0.530093 0.015104 0.023148
0 0.670312 0.307639 0.017188 0.022685
0 0.081641 0.512269 0.015365 0.014352
0 0.700651 0.391204 0.015365 0.018519
0 0.988542 0.225463 0.022917 0.029630
0 0.180469 0.662500 0.007292 0.017593
0 0.679297 0.369907 0.023698 0.026852
0 0.698307 0.330787 0.011198 0.013426
0 0.152865 0.976389 0.040104 0.047222
0 0.796484 0.464815 0.067448 0.051852
0 0.113802 0.253241 0.022396 0.037037
0 0.105339 0.242824 0.039323 0.056944
0 0.946094 0.242130 0.016667 0.020370
0 0.411979 0.186111 0.011979 0.014815
0 0.765885 0.139120 0.023438 0.039352
0 0.067448 0.535417 0.019271 0.041204
0 0.005859 0.341435 0.011719 0.031944
0 0.717318 0.513426 0.031510 0.036111
0 0.852474 0.389583 0.113802 0.084722
0 0.345443 0.733796 0.026823 0.013889
0 0.667188 0.340741 0.026562 0.021296
0 0.166931 0.592338 0.219784 0.104213
0 0.520964 0.361343 0.067448 0.049537
