0 0.177344 0.817130 0.034896 0.038889
0 0.887500 0.677546 0.028125 0.059722
0 0.967057 0.939120 0.031510 0.045833
0 0.470573 0.900231 0.017188 0.060648
0 0.839063 0.317361 0.034896 0.038426
0 0.934505 0.211111 0.041927 0.041667
0 0.903646 0.630787 0.015625 0.022685
0 0.949870 0.330093 0.050260 0.047222
0 0.248177 0.593981 0.040104 0.037963
0 0.199740 0.952778 0.048958 0.060185
0 0.270313 0.711343 0.015104 0.015278
0 0.937500 0.253472 0.038542 0.040278
0 0.183333 0.118056 0.045312 0.066667
0 0.402474 0.354167 0.037240 0.025926
0 0.510807 0.901852 0.020052 0.057407
0 0.887500 0.286343 0.038542 0.038426
0 0.697656 0.679398 0.016146 0.016204
0 0.065104 0.592361 0.050521 0.095833
0 0.782161 0.433565 0.031510 0.026389
0 0.990625 0.311111 0.018750 0.029630
0 0.943750 0.975000 0.023958 0.037037
0 0.028776 0.295139 0.037240 0.045833
0 0.888802 0.556713 0.011458 0.017130
0 0.821094 0.289583 0.033333 0.031019
0 0.687240 0.365509 0.026042 0.026389
0 0.966146 0.230787 0.019271 0.023611
0 0.635938 0.575463 0.013021 0.015741
0 0.112760 0.598148 0.064583 0.101852
0 0.551953 0.398380 0.017969 0.016204
0 0.940755 0.438194 0.013802 0.010648
0 0.791797 0.349537 0.037240 0.037037
0 0.751302 0.781019 0.033333 0.033333
0 0.966536 0.230787 0.020052 0.023611
0 0.550651 0.411806 0.010156 0.011574
0 0.779036 0.114352 0.021615 0.021296
0 0.769010 0.321759 0.035417 0.039815
0 0.678646 0.337037 0.017188 0.018519
0 0.290755 0.330787 0.060677 0.043056
0 0.083464 0.556481 0.030469 0.031481
0 0.132292 0.610417 0.103646 0.079167
0 0.552214 0.768981 0.023698 0.037963
0 0.708073 0.387269 0.012500 0.019907
0 0.066146 0.512731 0.020313 0.016204
0 0.722005 0.508565 0.024740 0.022685
0 0.052604 0.546528 0.011458 0.022685
0 0.079297 0.281250 0.014844 0.023611
0 0.089193 0.231481 0.041406 0.060185
0 0.965234 0.384259 0.016406 0.013889
0 0.031771 0.520370 0.016146 0.022222
0 0.602734 0.323380 0.014844 0.026389
0 0.782161 0.580787 0.012240 0.016204
0 0.768099 0.461806 0.032552 0.022685
0 0.180859 0.552778 0.010156 0.008333
0 0.706771 0.323611 0.011979 0.013889
0 0.667318 0.331944 0.012760 0.014815
0 0.433203 0.726620 0.027344 0.015278
0 0.867188 0.385648 0.118229 0.088889
0 0.744661 0.068750 0.042448 0.137500
0 0.864974 0.427778 0.037240 0.034259
0 0.840885 0.779167 0.021875 0.016667
0 0.521745 0.356944 0.070052 0.053704
0 0.810026 0.468287 0.072135 0.060648
