0 0.135677 0.560648 0.036458 0.047222
0 0.846484 0.480556 0.031510 0.043519
0 0.394661 0.452315 0.021094 0.019444
0 0.232682 0.502778 0.039844 0.036111
0 0.884115 0.447685 0.012500 0.012963
0 0.959635 0.868287 0.029167 0.045833
0 0.475651 0.843056 0.015885 0.051852
0 0.790495 0.340741 0.029427 0.033333
0 0.716406 0.165278 0.020833 0.042593
0 0.983594 0.335880 0.032813 0.044907
0 0.874740 0.285880 0.032292 0.034722
0 0.744401 0.436806 0.032031 0.031019
0 0.870833 0.251620 0.030729 0.031944
0 0.358854 0.504861 0.033333 0.028241
0 0.241406 0.877083 0.044792 0.076389
0 0.812500 0.435880 0.030729 0.029167
0 0.832292 0.314815 0.032292 0.034259
0 0.509635 0.843750 0.016667 0.049537
0 0.112500 0.852778 0.015625 0.013889
0 0.127734 0.578935 0.042448 0.082870
0 0.840625 0.755787 0.009896 0.014352
0 0.167057 0.585417 0.055469 0.085648
0 0.547266 0.719676 0.029427 0.057870
0 0.420964 0.375000 0.043490 0.022222
0 0.775000 0.318056 0.028646 0.025000
0 0.588021 0.346528 0.012500 0.024537
0 0.981901 0.216667 0.036198 0.037963
0 0.282813 0.581019 0.032813 0.034259
0 0.152474 0.582407 0.091927 0.091667
0 0.991016 0.174537 0.017969 0.025000
0 0.130208 0.578472 0.047396 0.083796
0 0.190234 0.930324 0.035156 0.049537
0 0.889062 0.413194 0.019792 0.015278
0 0.113151 0.532176 0.017448 0.036574
0 0.900521 0.266667 0.017708 0.019444
0 0.098568 0.518056 0.013281 0.019444
0 0.151172 0.275926 0.041406 0.059259
0 0.956120 0.196991 0.033073 0.033796
0 0.898568 0.697454 0.007031 0.007870
0 0.912500 0.288426 0.013542 0.012037
0 0.942318 0.250463 0.032031 0.031481
0 0.753255 0.369907 0.039323 0.033333
0 0.179036 0.567824 0.012760 0.014352
0 0.156250 0.321065 0.022396 0.016204
0 0.629948 0.772454 0.013021 0.016204
0 0.921745 0.389583 0.016406 0.012500
0 0.517057 0.970139 0.065885 0.059722
0 0.948568 0.202778 0.018490 0.023148
0 0.735547 0.345370 0.040365 0.034259
0 0.321094 0.355787 0.050000 0.036574
0 0.107422 0.529398 0.030469 0.042130
0 0.650000 0.355324 0.023958 0.019907
0 0.918229 0.421991 0.014063 0.011574
0 0.126302 0.511806 0.014063 0.013426
0 0.714323 0.738194 0.025000 0.024537
0 0.659766 0.382870 0.023177 0.025000
0 0.984115 0.240509 0.010937 0.009722
0 0.239323 0.598380 0.015104 0.016204
0 0.830339 0.344213 0.016927 0.018056
0 0.518099 0.375926 0.060677 0.044444
0 0.814583 0.399306 0.101042 0.075463
0 0.019010 0.888194 0.025521 0.019907
0 0.901693 0.346065 0.075260 0.051389
