0 0.043229 0.928009 0.031771 0.041204
0 0.225260 0.782639 0.023438 0.016204
0 0.901172 0.439120 0.034115 0.040278
0 0.973437 0.185880 0.020313 0.025463
0 0.105859 0.583333 0.043490 0.087037
0 0.270313 0.585417 0.035417 0.035648
0 0.227344 0.911806 0.044271 0.052315
0 0.923307 0.794444 0.029948 0.049074
0 0.892188 0.238194 0.034896 0.034722
0 0.646224 0.778472 0.034115 0.041204
0 0.244661 0.449306 0.043490 0.035648
0 0.727083 0.753704 0.028646 0.033333
0 0.775130 0.687037 0.010156 0.013889
0 0.850911 0.304398 0.033594 0.035648
0 0.992839 0.354861 0.014323 0.013426
0 0.547266 0.742824 0.022135 0.033796
0 0.895833 0.275463 0.034375 0.036111
0 0.806901 0.333333 0.030990 0.036111
0 0.152865 0.590046 0.059375 0.091204
0 0.757682 0.434722 0.033594 0.032407
0 0.110937 0.433333 0.043229 0.043519
0 0.288281 0.406250 0.033854 0.034722
0 0.882422 0.869676 0.011198 0.016204
0 0.416406 0.368056 0.045833 0.024074
0 0.970964 0.832407 0.013802 0.019444
0 0.941276 0.416435 0.013281 0.012500
0 0.114193 0.561111 0.036719 0.042593
0 0.509505 0.863657 0.016927 0.052315
0 0.127995 0.257639 0.036719 0.051389
0 0.829818 0.433796 0.032552 0.030556
0 0.994010 0.240278 0.011979 0.012963
0 0.956641 0.375926 0.020052 0.014815
0 0.792839 0.309259 0.035156 0.026852
0 0.886458 0.654167 0.010417 0.010185
0 0.967578 0.237037 0.036198 0.034259
0 0.994792 0.208333 0.010417 0.026852
0 0.921224 0.254861 0.015885 0.020833
0 0.473438 0.863426 0.015625 0.052778
0 0.210547 0.156944 0.047135 0.063889
0 0.223958 0.603704 0.015625 0.015741
0 0.686589 0.339583 0.009115 0.011574
0 0.960807 0.926620 0.017969 0.017130
0 0.087891 0.263889 0.020573 0.013889
0 0.545833 0.418750 0.009896 0.011574
0 0.580339 0.365046 0.010156 0.017130
0 0.595052 0.334491 0.007292 0.014352
0 0.688932 0.396759 0.014323 0.018519
0 0.749089 0.337269 0.042969 0.035648
0 0.158073 0.568750 0.019792 0.018056
0 0.768750 0.362963 0.043229 0.035185
0 0.213021 0.547917 0.009375 0.008796
0 0.728516 0.147222 0.022135 0.046296
0 0.080990 0.681250 0.015625 0.024537
0 0.765495 0.474769 0.035156 0.031019
0 0.522266 0.985185 0.032552 0.029630
0 0.105208 0.512269 0.015104 0.014352
0 0.661719 0.350694 0.015625 0.016204
0 0.212109 0.928935 0.133594 0.142130
0 0.790885 0.455324 0.020313 0.023611
0 0.416797 0.205093 0.010156 0.013889
0 0.459375 0.497685 0.011458 0.017593
0 0.519271 0.370139 0.064062 0.047685
0 0.108594 0.805787 0.027604 0.014352
0 0.832161 0.394213 0.107031 0.079167
0 0.924479 0.338426 0.080208 0.054630
