0 0.020703 0.951620 0.032031 0.041204
0 0.232682 0.902778 0.042969 0.050926
0 0.611068 0.749769 0.030990 0.038426
0 0.154427 0.461111 0.039583 0.038889
0 0.881901 0.452315 0.034115 0.040741
0 0.937109 0.818981 0.034635 0.048148
0 0.121224 0.560648 0.035677 0.043519
0 0.071224 0.832407 0.015885 0.015741
0 0.413021 0.370370 0.034896 0.022222
0 0.098828 0.533333 0.016927 0.037963
0 0.797917 0.709028 0.010937 0.015278
0 0.112370 0.285185 0.022656 0.013889
0 0.721615 0.747222 0.025521 0.025926
0 0.546354 0.738889 0.021875 0.032407
0 0.884766 0.242824 0.033594 0.032870
0 0.753255 0.435648 0.033073 0.032407
0 0.509115 0.856481 0.016667 0.051852
0 0.938021 0.330324 0.035417 0.031944
0 0.888411 0.279398 0.033594 0.035648
0 0.113932 0.582176 0.044010 0.084722
0 0.844531 0.307870 0.032813 0.034259
0 0.899219 0.347222 0.044271 0.041667
0 0.800781 0.336111 0.030208 0.036111
0 0.823698 0.434028 0.031771 0.030093
0 0.083724 0.518750 0.013802 0.020833
0 0.723958 0.153241 0.021875 0.045370
0 0.474479 0.855324 0.016667 0.054167
0 0.592187 0.339352 0.011979 0.020370
0 0.275000 0.584028 0.034375 0.034722
0 0.167187 0.569907 0.016146 0.013889
0 0.982161 0.391898 0.015885 0.012500
0 0.931510 0.389120 0.017708 0.014352
0 0.990365 0.211343 0.019271 0.031019
0 0.990495 0.878935 0.018490 0.018981
0 0.968359 0.367593 0.016927 0.012963
0 0.987760 0.333333 0.015625 0.011111
0 0.913151 0.258796 0.014844 0.019444
0 0.157682 0.602315 0.047135 0.061111
0 0.774349 0.467130 0.063281 0.046296
0 0.972396 0.185880 0.035417 0.035648
0 0.208984 0.606713 0.015365 0.019907
0 0.545703 0.408333 0.015885 0.016667
0 0.966276 0.257176 0.013802 0.012500
0 0.102214 0.543519 0.011198 0.019444
0 0.227865 0.602546 0.017708 0.016204
0 0.218490 0.547222 0.009375 0.009259
0 0.763542 0.365278 0.042708 0.035185
0 0.743880 0.340278 0.042448 0.035185
0 0.919661 0.428472 0.011719 0.009722
0 0.283203 0.971991 0.027865 0.056019
0 0.783854 0.312500 0.027083 0.025926
0 0.097396 0.528704 0.014583 0.021296
0 0.958464 0.242130 0.034115 0.032407
0 0.695833 0.510880 0.019792 0.030093
0 0.908854 0.902546 0.023438 0.032870
0 0.093229 0.530556 0.031771 0.043519
0 0.657031 0.321528 0.016667 0.022685
0 0.964453 0.191898 0.020052 0.023611
0 0.325651 0.427778 0.032552 0.022222
0 0.283724 0.468981 0.041406 0.037963
0 0.826562 0.396296 0.104688 0.078704
0 0.518750 0.372454 0.063021 0.047685
0 0.187500 0.803472 0.023958 0.015278
0 0.116536 0.512037 0.023698 0.014815
0 0.514583 0.978241 0.060417 0.043519
