0 0.067969 0.903472 0.032292 0.042130
0 0.244401 0.391435 0.023698 0.022685
0 0.222526 0.918981 0.045052 0.052778
0 0.107552 0.560880 0.039583 0.040278
0 0.200260 0.425694 0.035937 0.035648
0 0.921354 0.424537 0.034896 0.041667
0 0.075391 0.405093 0.043490 0.043519
0 0.132552 0.783102 0.013021 0.013426
0 0.900130 0.233333 0.036198 0.036111
0 0.913672 0.770139 0.030469 0.051389
0 0.509505 0.870602 0.017969 0.052315
0 0.903516 0.271296 0.035156 0.037037
0 0.849870 0.828935 0.013281 0.016204
0 0.857552 0.300926 0.034375 0.036111
0 0.473047 0.867593 0.016406 0.058333
0 0.812630 0.329861 0.032031 0.037500
0 0.257943 0.762037 0.011719 0.013889
0 0.547917 0.747222 0.021875 0.033333
0 0.411979 0.365278 0.040104 0.025000
0 0.982422 0.179861 0.021615 0.027315
0 0.098828 0.584954 0.045573 0.088426
0 0.916927 0.438889 0.016667 0.012963
0 0.955990 0.787500 0.015625 0.019444
0 0.763021 0.434259 0.033854 0.031481
0 0.265625 0.586343 0.034896 0.035648
0 0.795052 0.305324 0.029687 0.028241
0 0.729948 0.759028 0.027604 0.031944
0 0.064974 0.240741 0.021094 0.015741
0 0.963021 0.403472 0.013021 0.012500
0 0.836589 0.432176 0.033594 0.033796
0 0.680339 0.811574 0.032552 0.042593
0 0.145833 0.605787 0.052083 0.063426
0 0.854557 0.485417 0.011719 0.012500
0 0.982161 0.362037 0.020573 0.013889
0 0.594922 0.335185 0.012760 0.023148
0 0.722005 0.081944 0.045052 0.163889
0 0.773828 0.360880 0.044531 0.036574
0 0.200130 0.158102 0.026302 0.044907
0 0.083854 0.533565 0.018750 0.042130
0 0.882161 0.640278 0.009635 0.010185
0 0.753776 0.334259 0.044010 0.036111
0 0.690104 0.335880 0.009375 0.011574
0 0.547526 0.404861 0.015885 0.017130
0 0.546484 0.417361 0.010156 0.010648
0 0.753125 0.664352 0.011458 0.014815
0 0.067708 0.519213 0.014583 0.021759
0 0.120964 0.253241 0.038281 0.054630
0 0.654818 0.343981 0.013802 0.014815
0 0.665234 0.348380 0.015365 0.017130
0 0.976432 0.232176 0.035677 0.032870
0 0.087370 0.544907 0.012240 0.021296
0 0.097786 0.512037 0.015885 0.014815
0 0.788021 0.485648 0.021875 0.024074
0 0.671875 0.374537 0.021875 0.025000
0 0.082031 0.528241 0.015104 0.024074
0 0.207682 0.548843 0.009635 0.008796
0 0.154427 0.571065 0.014063 0.013426
0 0.519661 0.367361 0.065365 0.047685
0 0.838932 0.393056 0.109635 0.081481
0 0.933203 0.335185 0.082552 0.056481
0 0.938542 0.895602 0.020313 0.017130
0 0.780859 0.465972 0.056510 0.049537
