0 0.579297 0.725231 0.031510 0.035648
0 0.236589 0.882407 0.044531 0.078704
0 0.947266 0.843750 0.029948 0.046759
0 0.475130 0.849074 0.016406 0.052778
0 0.416146 0.373148 0.038021 0.023148
0 0.545964 0.734028 0.022656 0.032870
0 0.863021 0.465972 0.032813 0.041204
0 0.901693 0.437963 0.011719 0.012963
0 0.881380 0.282639 0.033073 0.035648
0 0.717839 0.742824 0.026302 0.028241
0 0.838021 0.311111 0.032292 0.034259
0 0.796094 0.338889 0.030729 0.034259
0 0.929688 0.332639 0.034896 0.031944
0 0.719922 0.159028 0.021094 0.043981
0 0.047526 0.858796 0.027344 0.014815
0 0.511068 0.974537 0.072135 0.050926
0 0.819141 0.732176 0.011198 0.015278
0 0.877604 0.247222 0.031771 0.032407
0 0.986198 0.212963 0.027604 0.036111
0 0.748568 0.435880 0.032552 0.031944
0 0.669010 0.806944 0.017708 0.018519
0 0.194661 0.484259 0.040365 0.037037
0 0.943880 0.950000 0.018490 0.025926
0 0.996875 0.328472 0.006250 0.031944
0 0.944271 0.379167 0.017188 0.012963
0 0.818229 0.434954 0.031771 0.031019
0 0.134375 0.305324 0.022396 0.013426
0 0.948438 0.407870 0.014063 0.011111
0 0.509505 0.850000 0.016927 0.050000
0 0.891927 0.349306 0.043229 0.040278
0 0.909505 0.401389 0.019010 0.013889
0 0.780208 0.315741 0.030208 0.025926
0 0.937500 0.273380 0.013542 0.012500
0 0.769010 0.467593 0.062500 0.046296
0 0.758854 0.367361 0.041667 0.034722
0 0.011589 0.968287 0.023177 0.029167
0 0.950391 0.246528 0.033073 0.031944
0 0.106250 0.533333 0.017188 0.037037
0 0.091146 0.518519 0.013542 0.019444
0 0.142969 0.266667 0.038021 0.050000
0 0.739974 0.342361 0.041406 0.035648
0 0.730729 0.565741 0.021875 0.015741
0 0.956380 0.197454 0.019531 0.023611
0 0.963672 0.190278 0.034115 0.037963
0 0.103646 0.526852 0.012500 0.023148
0 0.691667 0.506713 0.017188 0.024537
0 0.898307 0.687731 0.011719 0.018056
0 0.654427 0.325694 0.016667 0.024537
0 0.820182 0.398380 0.102865 0.077315
0 0.151302 0.826852 0.023438 0.013889
0 0.322005 0.486111 0.037240 0.034259
0 0.362760 0.441204 0.032292 0.021296
0 0.960547 0.342361 0.020573 0.019907
0 0.518490 0.373843 0.061979 0.046759
0 0.197526 0.581481 0.198177 0.101852
