0 0.141276 0.560880 0.034635 0.044907
0 0.831901 0.497222 0.031510 0.047222
0 0.398438 0.520370 0.035417 0.028704
0 0.430078 0.466667 0.020052 0.019444
0 0.269010 0.519907 0.039062 0.032407
0 0.516276 0.690972 0.029948 0.029167
0 0.246615 0.883565 0.041146 0.048611
0 0.864062 0.256481 0.029687 0.030556
0 0.285807 0.579630 0.032031 0.033333
0 0.868229 0.290278 0.031771 0.034259
0 0.972396 0.895139 0.028125 0.046759
0 0.785286 0.343981 0.028906 0.032407
0 0.825781 0.317130 0.032292 0.033333
0 0.544661 0.727083 0.021094 0.032870
0 0.971745 0.341204 0.056510 0.058333
0 0.711979 0.171759 0.020313 0.040741
0 0.934635 0.254398 0.031771 0.031944
0 0.974089 0.221759 0.036719 0.037037
0 0.133464 0.578704 0.040885 0.080556
0 0.324349 0.359722 0.049740 0.037037
0 0.770573 0.321991 0.028646 0.024537
0 0.078776 0.880787 0.014844 0.015278
0 0.195833 0.924537 0.034375 0.048148
0 0.807422 0.437037 0.029948 0.029630
0 0.740104 0.437731 0.031250 0.031019
0 0.417057 0.377546 0.032552 0.021759
0 0.462240 0.498148 0.010937 0.015741
0 0.779818 0.547685 0.019531 0.039815
0 0.105339 0.518287 0.013281 0.018981
0 0.510286 0.837037 0.018490 0.050926
0 0.901953 0.711806 0.008073 0.010648
0 0.476172 0.836806 0.015885 0.051389
0 0.174609 0.597685 0.040365 0.058333
0 0.870443 0.423611 0.019010 0.014815
0 0.901302 0.400463 0.015104 0.012037
0 0.888281 0.301852 0.012500 0.012037
0 0.597266 0.743519 0.012240 0.014815
0 0.177734 0.338657 0.022656 0.015278
0 0.865755 0.459259 0.011719 0.013889
0 0.685026 0.505787 0.015885 0.022685
0 0.894141 0.435648 0.014323 0.012037
0 0.749479 0.371991 0.039583 0.031944
0 0.710547 0.734491 0.024740 0.025463
0 0.986849 0.178241 0.026302 0.030556
0 0.132812 0.512037 0.013542 0.013889
0 0.235417 0.540741 0.012500 0.015741
0 0.703906 0.530324 0.017708 0.013426
0 0.893229 0.271528 0.016146 0.018056
0 0.957031 0.257176 0.011979 0.010648
0 0.185938 0.584259 0.071875 0.084259
0 0.727474 0.348148 0.031510 0.035185
0 0.134115 0.578704 0.042188 0.080556
0 0.948307 0.202083 0.031510 0.032870
0 0.586328 0.350231 0.014844 0.023611
0 0.543880 0.412731 0.013802 0.014352
0 0.517969 0.379167 0.060417 0.045370
0 0.809115 0.400694 0.100000 0.074537
0 0.894531 0.348843 0.073438 0.050463
0 0.865885 0.780787 0.018750 0.015278
