0 0.095573 0.879398 0.027604 0.036574
0 0.717708 0.848148 0.033333 0.044444
0 0.034766 0.370833 0.045052 0.046296
0 0.204948 0.369213 0.023438 0.023611
0 0.159245 0.399306 0.037240 0.039352
0 0.818490 0.326852 0.031771 0.036111
0 0.815234 0.789352 0.013281 0.015741
0 0.939323 0.745370 0.013021 0.019444
0 0.407161 0.362269 0.035156 0.025463
0 0.942448 0.411111 0.035937 0.042593
0 0.165495 0.761806 0.013281 0.013426
0 0.922786 0.338889 0.046615 0.043519
0 0.911198 0.266898 0.035937 0.037500
0 0.966146 0.319907 0.037500 0.034259
0 0.510026 0.877778 0.018490 0.054630
0 0.908333 0.227778 0.038021 0.037037
0 0.864453 0.297454 0.035156 0.036574
0 0.736068 0.763194 0.030990 0.032870
0 0.767839 0.434028 0.034115 0.031019
0 0.904557 0.746759 0.029948 0.051852
0 0.910417 0.866667 0.012500 0.015741
0 0.472656 0.875694 0.017708 0.058796
0 0.879557 0.623380 0.012240 0.012500
0 0.987500 0.390046 0.015104 0.012500
0 0.104688 0.237731 0.021875 0.034722
0 0.805469 0.301620 0.039583 0.028241
0 0.843359 0.431019 0.034635 0.033333
0 0.548568 0.402778 0.016406 0.017593
0 0.779036 0.358102 0.045052 0.035648
0 0.754818 0.331481 0.036719 0.036111
0 0.058984 0.519213 0.015365 0.020833
0 0.548958 0.752546 0.021875 0.035648
0 0.075260 0.534954 0.018750 0.041204
0 0.708594 0.507870 0.022396 0.025926
0 0.751302 0.574769 0.030729 0.029167
0 0.505469 0.303241 0.036458 0.025000
0 0.786979 0.489815 0.033854 0.035185
0 0.704688 0.505093 0.014583 0.017593
0 0.824349 0.346296 0.014323 0.013889
0 0.695833 0.393519 0.014063 0.019444
0 0.693880 0.332639 0.009635 0.012500
0 0.064583 0.687963 0.017188 0.025000
0 0.845182 0.390741 0.111198 0.082407
0 0.730469 0.643056 0.021354 0.019444
0 0.303906 0.745833 0.025521 0.013889
0 0.727214 0.078935 0.044010 0.157870
0 0.877474 0.474074 0.021615 0.012963
0 0.520052 0.364815 0.066667 0.049074
0 0.213802 0.949769 0.147396 0.100463
0 0.172379 0.589667 0.213055 0.105500
0 0.786589 0.465278 0.057552 0.049074
