0 0.799089 0.571065 0.015885 0.049537
0 0.394922 0.672222 0.027865 0.024074
0 0.263542 0.859028 0.038542 0.044907
0 0.543750 0.581944 0.033854 0.029630
0 0.407422 0.565046 0.032552 0.026389
0 0.019661 0.203935 0.026823 0.036574
0 0.968099 0.298611 0.032031 0.029630
0 0.804427 0.328935 0.029167 0.031019
0 0.766406 0.353704 0.026562 0.031481
0 0.839063 0.272222 0.025521 0.026852
0 0.843620 0.303472 0.029427 0.031944
0 0.477474 0.814815 0.014323 0.048148
0 0.563021 0.525926 0.016146 0.020370
0 0.336328 0.371296 0.047135 0.037037
0 0.560807 0.709028 0.011198 0.013426
0 0.509375 0.815741 0.017188 0.046296
0 0.752474 0.333333 0.026823 0.023148
0 0.853516 0.363657 0.037240 0.035648
0 0.936719 0.889815 0.009375 0.014815
0 0.724089 0.441667 0.029427 0.030556
0 0.697135 0.719213 0.022917 0.025463
0 0.541797 0.712731 0.020573 0.030093
0 0.942448 0.239352 0.033854 0.035185
0 0.922135 0.039120 0.025000 0.040278
0 0.837500 0.431250 0.011458 0.012500
0 0.475000 0.680556 0.011979 0.012037
0 0.215365 0.896528 0.032292 0.045833
0 0.987760 0.264352 0.013542 0.010185
0 0.761458 0.545602 0.019792 0.034722
0 0.982943 0.214815 0.027865 0.031481
0 0.904687 0.270139 0.028125 0.029167
0 0.424870 0.386111 0.035677 0.021296
0 0.979427 0.237500 0.014583 0.013889
0 0.659896 0.778935 0.010417 0.018056
0 0.131510 0.518287 0.012500 0.018056
0 0.714453 0.358102 0.033594 0.030093
0 0.697396 0.193981 0.019271 0.037037
0 0.249740 0.204630 0.040625 0.053704
0 0.851172 0.409028 0.012240 0.012500
0 0.811589 0.494676 0.011198 0.016204
0 0.136068 0.659491 0.013281 0.021759
0 0.933854 0.320602 0.011458 0.009722
0 0.955729 0.197685 0.026042 0.025926
0 0.956901 0.254398 0.013281 0.012500
0 0.139583 0.528704 0.028125 0.038889
0 0.648047 0.392593 0.021094 0.022222
0 0.136849 0.303009 0.018490 0.014352
0 0.815625 0.344444 0.010417 0.013889
0 0.123958 0.950463 0.009375 0.013889
0 0.672396 0.506944 0.014583 0.021296
0 0.464714 0.498611 0.010677 0.015741
0 0.733203 0.379861 0.038281 0.031019
0 0.639453 0.340046 0.016406 0.020833
0 0.639453 0.369444 0.014844 0.014815
0 0.798568 0.564352 0.014323 0.035185
0 0.814323 0.494907 0.016667 0.016667
0 0.820703 0.983102 0.022135 0.033796
0 0.988672 0.170833 0.022656 0.025926
0 0.910937 0.368750 0.080729 0.067130
0 0.516536 0.387037 0.055990 0.039815
0 0.226893 0.578032 0.175901 0.088843
0 0.788542 0.413426 0.092708 0.080556
