0 0.485417 0.680556 0.029167 0.025000
0 0.819141 0.515046 0.024740 0.049537
0 0.146875 0.560417 0.032813 0.045833
0 0.305339 0.534722 0.036719 0.030556
0 0.249740 0.863889 0.044271 0.075926
0 0.437370 0.535648 0.036719 0.030556
0 0.985547 0.923380 0.028906 0.045833
0 0.881120 0.807639 0.009635 0.015278
0 0.140625 0.577315 0.040625 0.078704
0 0.707031 0.731019 0.024479 0.029630
0 0.544141 0.722917 0.020573 0.032870
0 0.857812 0.261111 0.029167 0.029630
0 0.476823 0.831019 0.015625 0.051852
0 0.862109 0.294213 0.030469 0.033796
0 0.780859 0.346991 0.028385 0.033796
0 0.200911 0.917130 0.034115 0.048148
0 0.708854 0.176620 0.020313 0.042130
0 0.566797 0.720833 0.013281 0.015741
0 0.820443 0.321065 0.031510 0.032870
0 0.736198 0.439352 0.030729 0.029630
0 0.883333 0.409954 0.013542 0.014352
0 0.802083 0.438194 0.030208 0.029167
0 0.966016 0.226157 0.035677 0.036574
0 0.327734 0.361574 0.049219 0.034259
0 0.509896 0.833102 0.017188 0.046759
0 0.980339 0.183565 0.029427 0.029167
0 0.193880 0.582639 0.078385 0.082870
0 0.963021 0.344907 0.073958 0.069444
0 0.849870 0.470602 0.011198 0.013426
0 0.764974 0.325231 0.026302 0.024537
0 0.282682 0.562037 0.074219 0.081481
0 0.418359 0.380324 0.030990 0.020833
0 0.141667 0.577083 0.043229 0.079167
0 0.940625 0.206713 0.031771 0.032870
0 0.047266 0.910185 0.015885 0.016667
0 0.945182 0.018287 0.026823 0.036574
0 0.894661 0.381944 0.012240 0.011111
0 0.727734 0.351389 0.039323 0.032407
0 0.682292 0.506481 0.015104 0.024074
0 0.542969 0.413194 0.015625 0.016204
0 0.986589 0.293750 0.012760 0.010648
0 0.670443 0.797917 0.009635 0.013426
0 0.180859 0.596065 0.041927 0.056944
0 0.927344 0.259259 0.031250 0.030556
0 0.112370 0.518519 0.013281 0.019444
0 0.161328 0.280093 0.035156 0.049074
0 0.853385 0.431250 0.017708 0.013426
0 0.463411 0.498148 0.011198 0.016667
0 0.198307 0.355556 0.021094 0.012963
0 0.744141 0.476620 0.033073 0.027315
0 0.168750 0.292361 0.021354 0.032870
0 0.674089 0.405787 0.011719 0.017130
0 0.104557 0.973380 0.010156 0.015278
0 0.870313 0.447454 0.014583 0.012500
0 0.470573 0.480093 0.029687 0.022222
0 0.275260 0.584259 0.060417 0.042593
0 0.804036 0.403241 0.097135 0.074074
0 0.888021 0.351389 0.071875 0.050000
0 0.517448 0.382176 0.058854 0.045833
0 0.908984 0.726852 0.017969 0.012037
