0 0.803516 0.551852 0.017969 0.051852
0 0.373568 0.556713 0.031510 0.026389
0 0.259635 0.865278 0.039062 0.045370
0 0.509245 0.567361 0.034635 0.028241
0 0.675391 0.818287 0.014844 0.016204
0 0.844922 0.268981 0.026823 0.027778
0 0.771224 0.351852 0.027344 0.031481
0 0.809635 0.326852 0.030729 0.030556
0 0.333854 0.367593 0.046875 0.032407
0 0.532943 0.509491 0.018490 0.019907
0 0.849740 0.300694 0.029687 0.031944
0 0.918880 0.862037 0.009635 0.013889
0 0.421224 0.384259 0.029948 0.021296
0 0.985286 0.289815 0.029427 0.030556
0 0.477604 0.819907 0.015104 0.050000
0 0.765755 0.547454 0.020052 0.035648
0 0.930729 0.360648 0.075521 0.064815
0 0.756771 0.330787 0.026562 0.021759
0 0.505599 0.689352 0.012760 0.012963
0 0.510156 0.820833 0.017188 0.046296
0 0.820312 0.501157 0.008854 0.017130
0 0.543099 0.715741 0.021094 0.031481
0 0.950260 0.235417 0.034375 0.034722
0 0.125391 0.518981 0.012760 0.019444
0 0.728125 0.440972 0.029687 0.029167
0 0.851562 0.425463 0.011979 0.012963
0 0.850781 0.427315 0.010937 0.008333
0 0.174740 0.290278 0.038542 0.053704
0 0.989323 0.209954 0.021354 0.031019
0 0.963021 0.194213 0.027083 0.028241
0 0.541536 0.428935 0.011198 0.009722
0 0.911849 0.267130 0.028385 0.029630
0 0.700260 0.724769 0.024479 0.029167
0 0.464453 0.498843 0.010677 0.016204
0 0.828906 0.476389 0.012500 0.012963
0 0.695703 0.809028 0.012760 0.017130
0 0.675000 0.507407 0.014063 0.021296
0 0.210938 0.903935 0.033333 0.045833
0 0.736849 0.378472 0.037240 0.031019
0 0.130469 0.662037 0.013021 0.021296
0 0.864193 0.400694 0.013281 0.012500
0 0.720052 0.356019 0.038542 0.031481
0 0.978255 0.242130 0.012760 0.012963
0 0.594922 0.736343 0.010677 0.009722
0 0.923958 0.312269 0.010937 0.009722
0 0.162109 0.973843 0.051302 0.052315
0 0.212240 0.954861 0.018750 0.037500
0 0.830599 0.335880 0.010156 0.012500
0 0.992969 0.168519 0.014063 0.022222
0 0.961979 0.315278 0.010937 0.010185
0 0.140104 0.531250 0.017188 0.035648
0 0.642839 0.367824 0.016406 0.015278
0 0.681120 0.510185 0.026302 0.028704
0 0.424479 0.671759 0.028125 0.022222
0 0.690755 0.131944 0.040365 0.152778
0 0.874740 0.356481 0.069271 0.048148
0 0.793750 0.412500 0.093750 0.083333
0 0.517318 0.385648 0.056510 0.042593
0 0.223047 0.579310 0.180469 0.091833
