0 0.794010 0.604861 0.018229 0.048611
0 0.270833 0.848611 0.036979 0.043519
0 0.609635 0.617130 0.032292 0.031481
0 0.339974 0.684028 0.028385 0.027315
0 0.623437 0.562269 0.017188 0.021759
0 0.470833 0.580556 0.028125 0.025000
0 0.341536 0.373148 0.047135 0.032407
0 0.478125 0.806019 0.014063 0.044444
0 0.497396 0.673380 0.013542 0.011574
0 0.757682 0.358333 0.026302 0.029630
0 0.594661 0.720833 0.012240 0.014815
0 0.794271 0.334028 0.029687 0.031019
0 0.935937 0.313889 0.030729 0.027778
0 0.827344 0.279630 0.023958 0.025926
0 0.425130 0.389815 0.030990 0.019444
0 0.832422 0.309491 0.028385 0.031019
0 0.971224 0.947685 0.009635 0.015741
0 0.465625 0.498380 0.009896 0.015278
0 0.610547 0.757407 0.011198 0.012037
0 0.538021 0.432176 0.008854 0.008796
0 0.841667 0.367130 0.036979 0.034259
0 0.224219 0.884954 0.031771 0.043056
0 0.967057 0.223380 0.027344 0.030093
0 0.416276 0.674769 0.014323 0.013426
0 0.798177 0.556250 0.010417 0.018981
0 0.539974 0.705324 0.020573 0.030093
0 0.918750 0.789583 0.008333 0.010648
0 0.156250 0.529861 0.016667 0.032870
0 0.744271 0.338194 0.025521 0.021759
0 0.724740 0.383796 0.036458 0.028704
0 0.892969 0.277315 0.029687 0.028704
0 0.716667 0.443750 0.028646 0.028241
0 0.928255 0.247222 0.032552 0.033333
0 0.690755 0.202546 0.018490 0.036574
0 0.940755 0.207407 0.025781 0.025926
0 0.939714 0.386111 0.012760 0.011111
0 0.142708 0.518056 0.011458 0.017593
0 0.735026 0.469907 0.053906 0.043519
0 0.508854 0.804398 0.016667 0.046759
0 0.209505 0.370602 0.009635 0.010648
0 0.979948 0.277315 0.010937 0.010185
0 0.923177 0.789583 0.017188 0.010648
0 0.976823 0.179167 0.030208 0.027778
0 0.577865 0.363657 0.013542 0.018981
0 0.667057 0.504398 0.014323 0.018981
0 0.689714 0.710417 0.025260 0.033796
0 0.936719 0.789815 0.005729 0.011111
0 0.792969 0.356250 0.010937 0.012500
0 0.915365 0.279630 0.010937 0.010185
0 0.884245 0.375926 0.077344 0.072222
0 0.779297 0.415741 0.090365 0.078704
0 0.515755 0.390046 0.053906 0.039352
0 0.235286 0.576197 0.171094 0.085606
