0 0.809896 0.534028 0.021354 0.052315
0 0.255990 0.869907 0.039583 0.050000
0 0.340495 0.546991 0.036198 0.028241
0 0.454297 0.674306 0.027865 0.022685
0 0.055859 0.212037 0.014844 0.021296
0 0.471224 0.550926 0.030990 0.028704
0 0.476953 0.826620 0.014844 0.048611
0 0.851302 0.265046 0.027604 0.029167
0 0.991667 0.951157 0.016667 0.043056
0 0.815234 0.324074 0.030990 0.030556
0 0.900391 0.834954 0.010156 0.015278
0 0.775651 0.349537 0.027344 0.033333
0 0.704818 0.183102 0.019531 0.040278
0 0.855859 0.296991 0.030469 0.032870
0 0.947526 0.352315 0.078906 0.065741
0 0.293490 0.577778 0.030729 0.032407
0 0.423438 0.382176 0.038021 0.022685
0 0.330469 0.365046 0.048958 0.033796
0 0.133073 0.531944 0.015625 0.036111
0 0.972135 0.187731 0.029167 0.031019
0 0.834505 0.485880 0.013802 0.017130
0 0.958073 0.231019 0.034896 0.035185
0 0.865625 0.418519 0.012500 0.012963
0 0.206250 0.910417 0.033333 0.045833
0 0.542318 0.415509 0.015885 0.018056
0 0.510026 0.826620 0.016927 0.047685
0 0.496224 0.947454 0.021615 0.058796
0 0.995443 0.283333 0.009115 0.022222
0 0.500000 0.494444 0.019792 0.019444
0 0.919922 0.263657 0.030990 0.031019
0 0.703646 0.726389 0.023958 0.025926
0 0.878906 0.391667 0.013021 0.012963
0 0.119141 0.518750 0.012760 0.018981
0 0.678906 0.506713 0.016146 0.022685
0 0.044401 0.278009 0.007552 0.011574
0 0.762891 0.328241 0.030469 0.024074
0 0.741146 0.377083 0.039062 0.031019
0 0.723047 0.353241 0.038281 0.032407
0 0.991406 0.308102 0.013021 0.010648
0 0.848828 0.461343 0.014323 0.012500
0 0.298047 0.570139 0.019531 0.016204
0 0.953646 0.303009 0.011979 0.010648
0 0.541797 0.715046 0.024219 0.040278
0 0.847656 0.325694 0.012500 0.010648
0 0.542188 0.428472 0.010417 0.008796
0 0.994531 0.206250 0.010937 0.026389
0 0.937240 0.023843 0.026042 0.041204
0 0.696745 0.531481 0.019010 0.017593
0 0.996094 0.228704 0.007812 0.011111
0 0.932031 0.212500 0.031771 0.031481
0 0.019531 0.939815 0.022396 0.015741
0 0.925260 0.217824 0.018229 0.020833
0 0.881250 0.353935 0.070312 0.050463
0 0.218359 0.366435 0.020573 0.014352
0 0.798568 0.406250 0.096094 0.073611
0 0.182161 0.576620 0.111719 0.093981
0 0.755599 0.542824 0.049740 0.044907
0 0.517448 0.383796 0.057292 0.043519
0 0.764323 0.465046 0.094792 0.080093
