0 0.795443 0.588426 0.016406 0.049074
0 0.594271 0.543056 0.016667 0.020370
0 0.366927 0.676620 0.027083 0.025463
0 0.575781 0.598843 0.029687 0.030093
0 0.799219 0.331713 0.029167 0.031019
0 0.051953 0.240509 0.025781 0.035648
0 0.445703 0.676620 0.013281 0.012500
0 0.951302 0.306713 0.031250 0.028241
0 0.477865 0.809954 0.014063 0.047685
0 0.761719 0.356019 0.026562 0.030556
0 0.838151 0.306481 0.029427 0.032407
0 0.833203 0.276389 0.024740 0.026852
0 0.509245 0.809722 0.016927 0.047222
0 0.528255 0.686111 0.012760 0.012037
0 0.920964 0.777083 0.017969 0.011574
0 0.274609 0.397917 0.020573 0.014352
0 0.720313 0.442824 0.029167 0.028241
0 0.423047 0.387963 0.029948 0.019444
0 0.899089 0.274306 0.029427 0.029167
0 0.266016 0.842593 0.040365 0.070370
0 0.569792 0.596528 0.017708 0.024537
0 0.847656 0.365278 0.036979 0.036111
0 0.954948 0.917824 0.009896 0.015278
0 0.747526 0.336111 0.025260 0.022222
0 0.539062 0.430556 0.009375 0.009259
0 0.935286 0.243287 0.033073 0.033796
0 0.974740 0.219213 0.027604 0.030093
0 0.976562 0.368287 0.014583 0.011574
0 0.136979 0.518287 0.011979 0.018056
0 0.915104 0.046065 0.024479 0.038426
0 0.797917 0.515741 0.010937 0.018519
0 0.145182 0.528472 0.028385 0.038426
0 0.339193 0.371759 0.047135 0.033333
0 0.802214 0.351389 0.010677 0.012037
0 0.694010 0.713194 0.025521 0.029167
0 0.948307 0.203009 0.026823 0.028241
0 0.157422 0.372685 0.009115 0.011111
0 0.944010 0.793287 0.006771 0.015278
0 0.815234 0.978472 0.023177 0.039352
0 0.960156 0.249537 0.013021 0.012963
0 0.164453 0.966667 0.059635 0.066667
0 0.904427 0.230556 0.016667 0.021296
0 0.162500 0.512037 0.013021 0.012037
0 0.465234 0.498380 0.010156 0.015278
0 0.541667 0.421065 0.017188 0.014352
0 0.907943 0.325000 0.011198 0.009259
0 0.839974 0.416435 0.012240 0.015278
0 0.729036 0.382176 0.037240 0.028241
0 0.540755 0.707639 0.020052 0.029167
0 0.628646 0.746991 0.015625 0.016204
0 0.185547 0.298380 0.038802 0.054167
0 0.962891 0.276852 0.010156 0.010185
0 0.984375 0.174769 0.031250 0.029167
0 0.440234 0.573380 0.031510 0.026389
0 0.896875 0.371528 0.078646 0.068056
0 0.230992 0.576148 0.174474 0.088685
0 0.516146 0.388194 0.054688 0.039352
0 0.684766 0.142824 0.038281 0.148611
0 0.784245 0.415278 0.092448 0.079630
