0 0.320052 0.568750 0.026562 0.029167
0 0.614323 0.623611 0.028646 0.029630
0 0.286719 0.813194 0.037500 0.062500
0 0.753776 0.736343 0.026823 0.035648
0 0.814583 0.689583 0.025521 0.041204
0 0.372266 0.492130 0.010677 0.012037
0 0.796745 0.643981 0.017969 0.025000
0 0.807943 0.323380 0.026302 0.029167
0 0.738932 0.368519 0.023177 0.027778
0 0.219141 0.750000 0.025260 0.030556
0 0.802734 0.296065 0.021615 0.024537
0 0.773047 0.346528 0.026823 0.027315
0 0.883724 0.338426 0.027865 0.025926
0 0.799089 0.641898 0.011198 0.020833
0 0.779557 0.509954 0.009115 0.018981
0 0.676693 0.225000 0.016927 0.033333
0 0.677214 0.695602 0.024219 0.024537
0 0.194401 0.559491 0.035156 0.051389
0 0.748698 0.682176 0.014583 0.020833
0 0.467969 0.499306 0.009375 0.014352
0 0.801432 0.468981 0.014323 0.014815
0 0.984375 0.230324 0.015625 0.010648
0 0.932422 0.243056 0.024740 0.028704
0 0.536979 0.429167 0.011979 0.012037
0 0.908203 0.228472 0.024740 0.025463
0 0.896615 0.265046 0.029687 0.031019
0 0.700911 0.447454 0.026302 0.026389
0 0.512240 0.698611 0.009896 0.012037
0 0.353516 0.387731 0.041927 0.035648
0 0.235677 0.412037 0.026042 0.029630
0 0.181380 0.530093 0.014844 0.030556
0 0.260417 0.090509 0.020313 0.047685
0 0.404818 0.484954 0.008073 0.009722
0 0.966406 0.046296 0.025000 0.035185
0 0.862500 0.293750 0.024479 0.025463
0 0.756901 0.446296 0.024740 0.025000
0 0.845573 0.599769 0.016146 0.029167
0 0.244922 0.857639 0.029427 0.040278
0 0.877474 0.086574 0.021615 0.036111
0 0.941406 0.201852 0.027604 0.026852
0 0.663411 0.510880 0.031510 0.031944
0 0.725521 0.349769 0.021875 0.019907
0 0.537630 0.690509 0.018490 0.027315
0 0.625130 0.358333 0.013281 0.017593
0 0.572396 0.374306 0.011458 0.018981
0 0.436719 0.665972 0.015104 0.011574
0 0.787630 0.449074 0.029948 0.017593
0 0.461719 0.439815 0.021875 0.015741
0 0.927214 0.035417 0.015365 0.022685
0 0.791797 0.647685 0.008594 0.016667
0 0.193750 0.568056 0.035417 0.068519
0 0.479948 0.783796 0.013542 0.041667
0 0.708073 0.391898 0.032813 0.027315
0 0.431901 0.397917 0.032552 0.018056
0 0.694661 0.433565 0.017969 0.015278
0 0.343490 0.697917 0.015625 0.012500
0 0.280208 0.708102 0.020833 0.017130
0 0.874870 0.249537 0.025260 0.025926
0 0.383333 0.436111 0.006250 0.008333
0 0.656771 0.506019 0.018229 0.022222
0 0.604818 0.767593 0.011719 0.021296
0 0.508984 0.782639 0.015885 0.044907
0 0.693880 0.371991 0.033073 0.028241
0 0.237109 0.581713 0.055469 0.053241
0 0.514844 0.399537 0.050521 0.037963
0 0.758594 0.416435 0.083333 0.063426
0 0.847266 0.388426 0.095052 0.075926
