0 0.803385 0.799074 0.023438 0.035185
0 0.297266 0.453241 0.026302 0.028704
0 0.791536 0.737731 0.014323 0.021759
0 0.764714 0.556944 0.009115 0.020370
0 0.767839 0.513657 0.011719 0.019907
0 0.828255 0.728009 0.022135 0.039352
0 0.984115 0.334954 0.031771 0.026389
0 0.179818 0.782407 0.024740 0.031481
0 0.469010 0.500000 0.009375 0.013889
0 0.477734 0.523843 0.009115 0.008796
0 0.869401 0.344907 0.026823 0.025000
0 0.204948 0.557870 0.032292 0.049074
0 0.837109 0.367593 0.027344 0.025000
0 0.659896 0.648380 0.029167 0.030093
0 0.952604 0.059028 0.023958 0.032870
0 0.439453 0.520370 0.010156 0.010185
0 0.910937 0.051620 0.021875 0.028241
0 0.022135 0.205556 0.009896 0.011111
0 0.920182 0.250463 0.023698 0.026852
0 0.732422 0.372454 0.024219 0.029167
0 0.178906 0.518056 0.010937 0.016667
0 0.807943 0.703472 0.011198 0.016204
0 0.793099 0.302083 0.020573 0.023611
0 0.233594 0.582176 0.028646 0.048611
0 0.799479 0.328241 0.026562 0.027778
0 0.764974 0.351620 0.025781 0.028241
0 0.695312 0.449306 0.025521 0.026389
0 0.326823 0.567130 0.026042 0.025926
0 0.278906 0.742824 0.012500 0.011574
0 0.885026 0.271759 0.028906 0.029630
0 0.292969 0.581944 0.008333 0.012037
0 0.234505 0.566898 0.022135 0.018056
0 0.442188 0.520602 0.015625 0.010648
0 0.928646 0.211343 0.026042 0.024537
0 0.601562 0.760417 0.011458 0.021759
0 0.373307 0.683102 0.009635 0.010648
0 0.416276 0.445602 0.007552 0.008796
0 0.852214 0.300000 0.024219 0.024074
0 0.220312 0.735880 0.009375 0.009722
0 0.749609 0.448148 0.024219 0.025000
0 0.865495 0.098148 0.023698 0.032407
0 0.297005 0.775231 0.008594 0.010648
0 0.867188 0.994907 0.010417 0.010185
0 0.780599 0.922917 0.019010 0.032870
0 0.535286 0.431250 0.012240 0.011574
0 0.110547 0.316204 0.016927 0.012963
0 0.182943 0.640741 0.011719 0.020370
0 0.293490 0.805556 0.034375 0.061111
0 0.688281 0.376620 0.033333 0.027315
0 0.719271 0.354861 0.021875 0.020833
0 0.175391 0.879861 0.017448 0.018056
0 0.809375 0.675926 0.008854 0.014815
0 0.188281 0.970370 0.021875 0.040741
0 0.434766 0.401852 0.034115 0.018519
0 0.672135 0.690278 0.023438 0.027778
0 0.219661 0.320370 0.029948 0.043519
0 0.896354 0.236111 0.022917 0.025000
0 0.104818 0.964583 0.010156 0.013426
0 0.189714 0.529167 0.014844 0.028704
0 0.724870 0.466435 0.026302 0.019907
0 0.480339 0.681250 0.018490 0.011574
0 0.828255 0.397222 0.073698 0.063889
0 0.750781 0.419676 0.080208 0.061574
0 0.514583 0.402778 0.049479 0.037037
0 0.663542 0.187731 0.032292 0.123611
