0 0.340234 0.477315 0.016406 0.016667
0 0.240885 0.733796 0.025521 0.030556
0 0.367188 0.463657 0.016146 0.009722
0 0.726562 0.656481 0.017188 0.024074
0 0.283203 0.816898 0.038802 0.065278
0 0.807422 0.672685 0.025781 0.041667
0 0.589583 0.612500 0.030729 0.025926
0 0.727474 0.709028 0.027865 0.033796
0 0.194531 0.556250 0.028125 0.044907
0 0.318099 0.569444 0.027865 0.028704
0 0.164714 0.517824 0.011198 0.017130
0 0.857682 0.393750 0.089323 0.058796
0 0.776953 0.344213 0.027344 0.027315
0 0.812760 0.320602 0.026562 0.030093
0 0.806771 0.292824 0.022396 0.025463
0 0.851953 0.361343 0.028385 0.025463
0 0.742318 0.366435 0.024219 0.029167
0 0.825260 0.450000 0.015625 0.012963
0 0.792708 0.942130 0.020313 0.033333
0 0.304818 0.694444 0.017969 0.012037
0 0.467578 0.499074 0.009115 0.014815
0 0.173828 0.984491 0.024219 0.031019
0 0.222135 0.584722 0.033333 0.050000
0 0.537240 0.425463 0.013542 0.016667
0 0.892188 0.334259 0.028646 0.026852
0 0.373958 0.683565 0.018750 0.012500
0 0.480078 0.787269 0.013802 0.043981
0 0.205208 0.389120 0.027083 0.031944
0 0.883203 0.080556 0.022135 0.036111
0 0.240885 0.862269 0.029687 0.041204
0 0.820833 0.374769 0.033854 0.032870
0 0.508984 0.787500 0.014844 0.042593
0 0.729297 0.347685 0.023698 0.020370
0 0.938932 0.239120 0.025260 0.028241
0 0.206250 0.312037 0.030208 0.041667
0 0.168880 0.646759 0.012760 0.021296
0 0.189974 0.568287 0.037240 0.068981
0 0.902604 0.261111 0.030208 0.031481
0 0.056250 0.158333 0.011979 0.013889
0 0.363411 0.463426 0.008073 0.009259
0 0.711849 0.390046 0.034115 0.026389
0 0.467969 0.665741 0.014583 0.012963
0 0.538411 0.693519 0.020052 0.028704
0 0.679427 0.697685 0.022917 0.025000
0 0.868880 0.290046 0.026823 0.026389
0 0.266016 0.587963 0.010677 0.016667
0 0.624740 0.379167 0.020313 0.015741
0 0.536328 0.428241 0.011198 0.011111
0 0.431771 0.396065 0.034896 0.019907
0 0.766146 0.370370 0.011458 0.013889
0 0.851693 0.602546 0.016406 0.023611
0 0.947786 0.197685 0.026823 0.025926
0 0.885026 0.243056 0.018490 0.023148
0 0.679688 0.697685 0.023958 0.029630
0 0.498568 0.443056 0.013281 0.012037
0 0.627083 0.355787 0.014583 0.020833
0 0.914323 0.224074 0.024479 0.025000
0 0.368229 0.430556 0.008333 0.009259
0 0.658724 0.506944 0.017448 0.022222
0 0.792448 0.623843 0.019271 0.018981
0 0.669531 0.166898 0.037500 0.141204
0 0.228776 0.556481 0.066406 0.049074
0 0.747526 0.459259 0.113802 0.088889
0 0.762370 0.416204 0.083594 0.065741
0 0.515104 0.397454 0.051042 0.037500
