0 0.289453 0.705324 0.028906 0.029167
0 0.275651 0.826620 0.040885 0.065278
0 0.533464 0.594676 0.029948 0.025463
0 0.797656 0.638657 0.022396 0.045833
0 0.182943 0.557407 0.028906 0.045370
0 0.671484 0.658333 0.029948 0.033333
0 0.681641 0.607407 0.024740 0.025926
0 0.786979 0.587037 0.021354 0.023148
0 0.833333 0.449306 0.016146 0.013426
0 0.216406 0.585185 0.039583 0.054630
0 0.817187 0.286574 0.022396 0.024074
0 0.536979 0.695370 0.024479 0.038889
0 0.822396 0.315509 0.028125 0.029167
0 0.911589 0.325926 0.029427 0.026852
0 0.863021 0.356944 0.030208 0.026852
0 0.750000 0.362500 0.025000 0.028704
0 0.217969 0.566667 0.028125 0.018519
0 0.785417 0.339583 0.027604 0.029167
0 0.346354 0.378704 0.043229 0.030556
0 0.780990 0.584722 0.008854 0.018519
0 0.710286 0.445139 0.027865 0.028241
0 0.735938 0.343981 0.023958 0.022222
0 0.478906 0.796991 0.013542 0.044907
0 0.952474 0.231944 0.025781 0.029630
0 0.927344 0.216435 0.025521 0.025463
0 0.144271 0.336343 0.028125 0.033796
0 0.914974 0.254630 0.031510 0.032407
0 0.571224 0.727315 0.013281 0.012037
0 0.232813 0.873611 0.030208 0.042593
0 0.509375 0.796065 0.016146 0.043981
0 0.269661 0.446759 0.017969 0.011111
0 0.153646 0.517824 0.011979 0.017130
0 0.466536 0.499074 0.009635 0.014815
0 0.792448 0.589352 0.008854 0.018519
0 0.496484 0.904630 0.019531 0.049074
0 0.358203 0.679167 0.012240 0.012963
0 0.831120 0.371991 0.035156 0.034722
0 0.666927 0.509491 0.024479 0.028241
0 0.685286 0.706019 0.024219 0.027778
0 0.895443 0.067824 0.022656 0.037500
0 0.158333 0.650694 0.013021 0.020833
0 0.801042 0.956250 0.020833 0.036574
0 0.954688 0.193287 0.014063 0.018981
0 0.015755 0.110185 0.013281 0.013889
0 0.661849 0.504630 0.014844 0.018519
0 0.880599 0.283796 0.028385 0.028704
0 0.943490 0.018056 0.023438 0.031481
0 0.714063 0.387731 0.027083 0.027315
0 0.880859 0.306481 0.013802 0.018519
0 0.892188 0.238426 0.027083 0.027778
0 0.671094 0.829630 0.019271 0.020370
0 0.702344 0.366667 0.034896 0.029630
0 0.940104 0.295833 0.009375 0.009259
0 0.961328 0.189120 0.027344 0.027315
0 0.178516 0.570139 0.036198 0.070833
0 0.328255 0.418981 0.019010 0.018519
0 0.802865 0.426389 0.032292 0.027778
0 0.872917 0.393287 0.093229 0.062500
0 0.513411 0.396296 0.049219 0.035185
0 0.427083 0.393519 0.028646 0.019444
0 0.676432 0.162731 0.035156 0.133796
0 0.766016 0.418750 0.077865 0.076389
0 0.299740 0.575000 0.051042 0.037037
