0 0.263932 0.718750 0.025781 0.030093
0 0.185417 0.559722 0.034896 0.050000
0 0.802214 0.656250 0.024219 0.043981
0 0.479167 0.792130 0.013021 0.042593
0 0.281641 0.833333 0.035156 0.042593
0 0.563151 0.603472 0.030990 0.025463
0 0.707161 0.631713 0.025260 0.022685
0 0.174479 0.363426 0.027083 0.033333
0 0.745703 0.364583 0.024740 0.029167
0 0.219010 0.585648 0.034896 0.050000
0 0.700000 0.683565 0.030208 0.032870
0 0.431120 0.395139 0.036198 0.019907
0 0.403125 0.673611 0.014063 0.011111
0 0.817448 0.317824 0.026562 0.029167
0 0.864844 0.391898 0.090625 0.060648
0 0.857292 0.359259 0.029687 0.026852
0 0.901172 0.330093 0.028906 0.026852
0 0.327734 0.443981 0.017969 0.011111
0 0.812240 0.289815 0.023438 0.024074
0 0.846875 0.434259 0.011979 0.012963
0 0.780990 0.341898 0.027083 0.028241
0 0.945703 0.235417 0.025781 0.029167
0 0.789193 0.606250 0.020052 0.018981
0 0.706901 0.446528 0.027344 0.027315
0 0.315104 0.570602 0.029167 0.028241
0 0.329818 0.685417 0.008073 0.012500
0 0.796484 0.948843 0.020573 0.035648
0 0.826042 0.373380 0.034375 0.033796
0 0.509245 0.792130 0.016406 0.042593
0 0.908594 0.258102 0.030729 0.031944
0 0.732422 0.345833 0.023698 0.021296
0 0.496615 0.898380 0.019271 0.048611
0 0.810547 0.467130 0.016927 0.014815
0 0.667969 0.824537 0.018229 0.019444
0 0.538802 0.696065 0.019271 0.029167
0 0.467057 0.499074 0.009635 0.014815
0 0.920443 0.220139 0.024740 0.025463
0 0.184375 0.569907 0.036458 0.070370
0 0.159375 0.518056 0.011458 0.017593
0 0.163411 0.648380 0.012240 0.020833
0 0.873958 0.287269 0.026042 0.027315
0 0.889193 0.073843 0.022656 0.036574
0 0.236979 0.868056 0.029687 0.041667
0 0.253646 0.079167 0.019271 0.045370
0 0.988021 0.244444 0.023958 0.023148
0 0.715234 0.388657 0.033594 0.027315
0 0.350521 0.379861 0.045833 0.030093
0 0.954688 0.193519 0.029167 0.026852
0 0.699609 0.368056 0.035156 0.028704
0 0.700521 0.433565 0.017188 0.012500
0 0.681901 0.701852 0.023177 0.026852
0 0.181510 0.328009 0.016146 0.014352
0 0.416276 0.927315 0.017969 0.012037
0 0.503906 0.671065 0.022396 0.014352
0 0.304818 0.459954 0.024219 0.018981
0 0.515234 0.396528 0.051823 0.038426
0 0.673828 0.167824 0.034115 0.131944
0 0.766146 0.419676 0.086458 0.075463
