0 0.637109 0.634954 0.027344 0.028241
0 0.822005 0.707870 0.025781 0.039815
0 0.408984 0.507870 0.015365 0.009259
0 0.198828 0.766204 0.024740 0.030556
0 0.779818 0.767361 0.027344 0.034722
0 0.289323 0.808796 0.036979 0.061111
0 0.876172 0.341898 0.027344 0.025463
0 0.782813 0.488889 0.013542 0.015741
0 0.674089 0.692824 0.023177 0.024537
0 0.480729 0.780324 0.013542 0.040278
0 0.797917 0.299306 0.021875 0.023611
0 0.468490 0.499537 0.009375 0.013889
0 0.323307 0.567824 0.027344 0.028241
0 0.803646 0.325694 0.026042 0.028241
0 0.769010 0.349306 0.027083 0.029167
0 0.799219 0.675463 0.009375 0.016667
0 0.266667 0.433796 0.026562 0.027778
0 0.770964 0.710185 0.015365 0.022222
0 0.735286 0.370833 0.023698 0.027778
0 0.440234 0.502778 0.008073 0.010185
0 0.890625 0.268519 0.029167 0.030556
0 0.356120 0.388426 0.042969 0.032407
0 0.926042 0.246528 0.023958 0.027315
0 0.857161 0.296296 0.024219 0.025000
0 0.784375 0.928704 0.019792 0.033333
0 0.508724 0.778704 0.014844 0.042593
0 0.673958 0.229167 0.017188 0.032407
0 0.231510 0.583102 0.032292 0.048611
0 0.443880 0.503009 0.014844 0.010648
0 0.405990 0.671991 0.013542 0.010648
0 0.216797 0.318981 0.032552 0.044444
0 0.433724 0.399769 0.034115 0.018056
0 0.231510 0.567593 0.022396 0.018519
0 0.537240 0.688194 0.018229 0.027315
0 0.198437 0.559259 0.032813 0.050926
0 0.248828 0.852778 0.028906 0.040741
0 0.077474 0.283102 0.017969 0.014352
0 0.174089 0.517824 0.010156 0.016204
0 0.902474 0.231944 0.024219 0.025000
0 0.697786 0.448843 0.025781 0.026389
0 0.470052 0.442361 0.008333 0.013426
0 0.295052 0.583102 0.019271 0.015278
0 0.399349 0.441435 0.008594 0.008796
0 0.264062 0.097222 0.018750 0.046296
0 0.934766 0.206481 0.026302 0.025000
0 0.178646 0.642593 0.011979 0.020370
0 0.622786 0.358796 0.014323 0.015741
0 0.690755 0.374306 0.033073 0.027315
0 0.869401 0.253241 0.025781 0.026852
0 0.753255 0.447222 0.024219 0.024074
0 0.183203 0.976389 0.023698 0.045370
0 0.185938 0.528935 0.013542 0.031019
0 0.246484 0.719907 0.010156 0.010185
0 0.755469 0.375694 0.010417 0.012500
0 0.198047 0.567361 0.034635 0.067130
0 0.631771 0.404861 0.020313 0.020833
0 0.711719 0.491667 0.023958 0.028704
0 0.307682 0.713657 0.009635 0.018981
0 0.571615 0.376389 0.010937 0.017593
0 0.853776 0.442361 0.007552 0.010648
0 0.804557 0.657639 0.009635 0.016204
0 0.311719 0.718287 0.017708 0.011574
0 0.343359 0.475926 0.010677 0.007407
0 0.170703 0.144907 0.015365 0.020370
0 0.497786 0.688889 0.017969 0.011111
0 0.755078 0.418519 0.081510 0.061111
0 0.531510 0.429861 0.019792 0.012500
0 0.514583 0.400926 0.050000 0.037037
0 0.832682 0.390509 0.075260 0.073611
