0 0.794271 0.622222 0.020313 0.049074
0 0.640495 0.637269 0.032031 0.031019
0 0.502083 0.586806 0.027604 0.026389
0 0.274089 0.830093 0.038281 0.062963
0 0.563542 0.697685 0.013542 0.013889
0 0.313151 0.694213 0.025781 0.029167
0 0.650781 0.582870 0.016667 0.021296
0 0.195833 0.305787 0.038021 0.052315
0 0.228255 0.879398 0.031510 0.043056
0 0.466146 0.668056 0.013542 0.011111
0 0.262240 0.215972 0.039062 0.057870
0 0.590234 0.740741 0.011198 0.012037
0 0.179948 0.556713 0.031250 0.043981
0 0.922786 0.319907 0.030469 0.027778
0 0.539323 0.702315 0.019792 0.029630
0 0.753776 0.360648 0.025781 0.030556
0 0.827474 0.312500 0.027865 0.030556
0 0.478646 0.800926 0.013542 0.045370
0 0.687891 0.207639 0.017969 0.035648
0 0.856901 0.432639 0.014323 0.012500
0 0.781250 0.563426 0.008333 0.019444
0 0.208594 0.588194 0.033854 0.054167
0 0.805729 0.962500 0.021354 0.037037
0 0.793490 0.572685 0.007812 0.017593
0 0.822135 0.282870 0.023438 0.025000
0 0.789453 0.337037 0.027865 0.029630
0 0.687760 0.707639 0.022917 0.028241
0 0.508724 0.800000 0.015365 0.045370
0 0.713542 0.444444 0.027604 0.028704
0 0.426042 0.391435 0.029687 0.018981
0 0.212891 0.557407 0.065885 0.048148
0 0.114714 0.306019 0.029427 0.034259
0 0.739453 0.341204 0.023177 0.021296
0 0.921484 0.250694 0.032031 0.032870
0 0.386589 0.675000 0.013802 0.012963
0 0.155599 0.527083 0.025781 0.036574
0 0.959505 0.227546 0.026823 0.030093
0 0.537760 0.433102 0.008854 0.009722
0 0.502083 0.746296 0.009375 0.029630
0 0.933854 0.211806 0.026042 0.027315
0 0.148568 0.517593 0.011719 0.017593
0 0.217578 0.577546 0.059115 0.075463
0 0.886328 0.280556 0.028385 0.027778
0 0.229818 0.924074 0.017448 0.041667
0 0.496224 0.910880 0.019531 0.050463
0 0.901693 0.060417 0.023177 0.037500
0 0.175000 0.570602 0.039062 0.072685
0 0.610026 0.780787 0.014844 0.029167
0 0.968620 0.184491 0.028385 0.028241
0 0.152995 0.652546 0.013281 0.021759
0 0.465885 0.498611 0.009896 0.015741
0 0.160807 0.528935 0.015885 0.033796
0 0.895964 0.291204 0.011198 0.011111
0 0.950130 0.012037 0.023698 0.024074
0 0.311198 0.413889 0.018750 0.015741
0 0.344271 0.375463 0.045312 0.030556
0 0.295573 0.575926 0.053646 0.037037
0 0.251042 0.398843 0.017188 0.012500
0 0.774479 0.417130 0.088542 0.077778
0 0.515495 0.391898 0.053385 0.038426
0 0.865104 0.379167 0.094271 0.075000
