0 0.327214 0.470833 0.026302 0.026852
0 0.517578 0.544444 0.015365 0.010185
0 0.828646 0.832870 0.022917 0.035185
0 0.763411 0.582870 0.011198 0.020370
0 0.351172 0.444907 0.017448 0.012963
0 0.050651 0.234954 0.008594 0.010648
0 0.950000 0.354398 0.032292 0.026389
0 0.681120 0.664583 0.027865 0.031019
0 0.350911 0.696991 0.018490 0.012500
0 0.831380 0.746991 0.034635 0.041204
0 0.296615 0.812269 0.033333 0.040278
0 0.947135 0.064583 0.023438 0.033796
0 0.166016 0.799306 0.034635 0.031019
0 0.472526 0.533102 0.012240 0.009722
0 0.020182 0.222917 0.010156 0.011574
0 0.514062 0.544213 0.008333 0.009722
0 0.761719 0.352546 0.025521 0.027315
0 0.812760 0.766898 0.014063 0.022685
0 0.327865 0.566898 0.026042 0.027315
0 0.728906 0.373843 0.023438 0.028241
0 0.432812 0.403472 0.027604 0.017130
0 0.191406 0.965509 0.022396 0.040278
0 0.837240 0.748611 0.022396 0.037963
0 0.795703 0.331019 0.025781 0.027778
0 0.864453 0.347917 0.026823 0.026389
0 0.458984 0.677315 0.012240 0.011111
0 0.758594 0.542593 0.009375 0.020370
0 0.777214 0.918981 0.019010 0.033333
0 0.236198 0.581481 0.029167 0.047222
0 0.255339 0.846065 0.027865 0.037500
0 0.789583 0.304861 0.020313 0.021759
0 0.237240 0.565972 0.022917 0.016204
0 0.905859 0.058102 0.022135 0.031019
0 0.130729 0.275694 0.018229 0.016204
0 0.841797 0.961343 0.015365 0.023611
0 0.432292 0.450000 0.007812 0.008333
0 0.848047 0.302315 0.024740 0.025000
0 0.469271 0.500231 0.008854 0.013426
0 0.182292 0.518519 0.010937 0.016667
0 0.685807 0.378009 0.032552 0.027315
0 0.692969 0.450231 0.026042 0.025463
0 0.535156 0.431944 0.012500 0.013889
0 0.880339 0.274769 0.028906 0.030093
0 0.474479 0.533333 0.016146 0.010185
0 0.746615 0.448843 0.023958 0.023611
0 0.140625 0.346065 0.013021 0.013426
0 0.079036 0.994213 0.013281 0.011574
0 0.210547 0.554167 0.029427 0.040741
0 0.670312 0.688426 0.021875 0.025926
0 0.688151 0.435417 0.020573 0.018056
0 0.497135 0.871296 0.017708 0.042593
0 0.193880 0.755093 0.009115 0.011111
0 0.953516 0.280556 0.011719 0.012963
0 0.914714 0.253241 0.023698 0.026852
0 0.127604 0.246296 0.006771 0.007407
0 0.207682 0.565972 0.037760 0.065278
0 0.757682 0.544907 0.007552 0.015741
0 0.535807 0.684028 0.017448 0.027315
0 0.891927 0.239120 0.023958 0.024537
0 0.748177 0.420602 0.079687 0.060648
0 0.826432 0.393519 0.077865 0.073148
0 0.514323 0.404167 0.048958 0.035185
0 0.661068 0.190509 0.033073 0.123611
