0 0.355599 0.486806 0.025260 0.026389
0 0.139974 0.818750 0.024219 0.031019
0 0.850781 0.772222 0.021875 0.038889
0 0.701823 0.683102 0.027604 0.032870
0 0.855729 0.869676 0.023438 0.036574
0 0.769401 0.610185 0.011198 0.018519
0 0.758724 0.571065 0.009635 0.019907
0 0.297266 0.810185 0.033073 0.039815
0 0.815755 0.925231 0.015365 0.023611
0 0.078125 0.261111 0.008854 0.010185
0 0.760286 0.354167 0.024740 0.026852
0 0.256120 0.843981 0.027865 0.039815
0 0.170313 0.374306 0.013542 0.013426
0 0.862370 0.349537 0.026302 0.025926
0 0.727734 0.375231 0.022656 0.028241
0 0.835807 0.798611 0.014844 0.023148
0 0.903906 0.059491 0.021354 0.027315
0 0.921094 0.371991 0.032292 0.026389
0 0.794401 0.331944 0.025260 0.027778
0 0.669792 0.689120 0.021875 0.024537
0 0.469401 0.500694 0.009115 0.013426
0 0.535807 0.683333 0.017448 0.026852
0 0.776042 0.917361 0.018750 0.032870
0 0.551042 0.565972 0.009896 0.010648
0 0.441016 0.678935 0.013281 0.010648
0 0.382552 0.463657 0.013021 0.012500
0 0.328516 0.567361 0.025260 0.027315
0 0.944922 0.066667 0.023177 0.032407
0 0.197526 0.956944 0.012240 0.025926
0 0.188151 0.639583 0.011198 0.018981
0 0.788411 0.305787 0.019531 0.021759
0 0.534505 0.432407 0.012240 0.013889
0 0.692057 0.450926 0.026302 0.025926
0 0.164583 0.318519 0.011979 0.013889
0 0.657161 0.739352 0.009115 0.013889
0 0.825130 0.717824 0.011198 0.015278
0 0.044271 0.253241 0.009896 0.010185
0 0.217969 0.806019 0.017708 0.011111
0 0.286589 0.251389 0.034115 0.046296
0 0.433333 0.404167 0.027604 0.016667
0 0.912760 0.255093 0.023958 0.026852
0 0.194531 0.530093 0.013542 0.028704
0 0.497266 0.870139 0.017448 0.042130
0 0.860286 0.105787 0.020573 0.033796
0 0.295833 0.801157 0.035937 0.056944
0 0.183854 0.518981 0.011458 0.015741
0 0.504557 0.547685 0.009115 0.007407
0 0.847135 0.303241 0.025521 0.025926
0 0.685156 0.378704 0.031771 0.026852
0 0.481250 0.773148 0.013021 0.038889
0 0.745573 0.449769 0.024479 0.023611
0 0.618099 0.365278 0.014323 0.017593
0 0.889714 0.240972 0.023177 0.023611
0 0.165625 0.777315 0.009896 0.011111
0 0.921094 0.215741 0.024479 0.025000
0 0.715104 0.357639 0.021354 0.019907
0 0.878646 0.275926 0.028646 0.029630
0 0.383203 0.460185 0.014323 0.019444
0 0.193099 0.964120 0.021094 0.039352
0 0.145052 0.266898 0.010417 0.010648
0 0.667969 0.206481 0.018229 0.095370
0 0.747266 0.421528 0.078906 0.060648
0 0.514062 0.404861 0.048438 0.034722
0 0.830208 0.394444 0.088542 0.073148
0 0.232682 0.570139 0.085156 0.070833
