0 0.546027 0.559627 0.057310 0.268523
0 0.614974 0.750000 0.070573 0.210185
0 0.575130 0.564815 0.095052 0.249074
0 0.531510 0.428472 0.051562 0.286574
0 0.526823 0.741204 0.049479 0.137963
0 0.458854 0.033565 0.033854 0.067130
0 0.741667 0.909954 0.083333 0.180093
0 0.455339 0.345370 0.033594 0.092593
0 0.836979 0.578472 0.088021 0.145833
0 0.497526 0.027083 0.031510 0.054167
0 0.783073 0.166898 0.046354 0.111574
0 0.775000 0.199306 0.030729 0.048611
0 0.413542 0.007639 0.018229 0.015278
0 0.569141 0.039583 0.003906 0.019907
0 0.833203 0.537500 0.080990 0.064815
0 0.564714 0.329398 0.013802 0.073611
0 0.575521 0.331944 0.035417 0.084259
0 0.582031 0.048380 0.029687 0.050463
