0 0.447396 0.546528 0.030208 0.087500
0 0.660807 0.382870 0.121094 0.255556
0 0.779036 0.426620 0.045052 0.114352
0 0.525911 0.025231 0.021094 0.050463
0 0.686719 0.476852 0.056250 0.074074
0 0.772135 0.459491 0.031771 0.054167
0 0.552344 0.026157 0.014063 0.023611
0 0.423047 0.348148 0.025260 0.067593
0 0.416276 0.050694 0.019010 0.038426
0 0.620964 0.293056 0.042969 0.077778
0 0.473047 0.052778 0.017448 0.037963
0 0.413021 0.172685 0.017708 0.046296
0 0.526302 0.106250 0.016146 0.028241
0 0.431120 0.349074 0.009635 0.065741
0 0.520833 0.357870 0.070312 0.294444
0 0.418099 0.034722 0.021094 0.069444
0 0.483203 0.389815 0.064844 0.312963
0 0.653516 0.159028 0.014323 0.092130
0 0.445833 0.112731 0.022917 0.089352
