0 0.591927 0.600926 0.066146 0.196296
0 0.784245 0.116204 0.047135 0.117593
0 0.706771 0.753935 0.076563 0.190278
0 0.908073 0.706481 0.101562 0.166667
0 0.957422 0.858102 0.085156 0.283796
0 0.501172 0.548843 0.044531 0.121759
0 0.565885 0.590278 0.014063 0.104630
0 0.440625 0.200000 0.029167 0.081481
0 0.560677 0.217824 0.032813 0.077315
0 0.592578 0.600694 0.067448 0.196759
0 0.588932 0.536574 0.050781 0.066667
0 0.776172 0.146528 0.030990 0.049537
0 0.602734 0.056250 0.033073 0.056944
0 0.552577 0.496625 0.043737 0.142861
