0 0.761068 0.536343 0.133073 0.234722
0 0.562990 0.752683 0.023464 0.196653
0 0.505469 0.186111 0.058854 0.257407
0 0.525911 0.897917 0.049219 0.143981
0 0.780859 0.318287 0.044010 0.041204
0 0.741667 0.478704 0.173958 0.348148
0 0.622526 0.825000 0.137760 0.348148
0 0.682161 0.351852 0.055990 0.097222
0 0.427865 0.298380 0.022917 0.071759
0 0.633724 0.715509 0.046615 0.112500
0 0.856120 0.962731 0.058594 0.074537
0 0.414714 0.151852 0.021615 0.057407
0 0.411198 0.013426 0.016146 0.026852
0 0.443620 0.008565 0.017448 0.017130
0 0.539844 0.066204 0.020313 0.034259
0 0.673307 0.129167 0.007031 0.020370
0 0.772526 0.359954 0.030469 0.056019
0 0.831901 0.469676 0.011198 0.029167
0 0.745964 0.434722 0.107031 0.202778
0 0.691536 0.433333 0.012240 0.018519
0 0.662500 0.118056 0.006771 0.020370
0 0.469010 0.203935 0.052083 0.268981
0 0.655339 0.059259 0.014323 0.103704
