0 0.472917 0.506481 0.037500 0.106481
0 0.497005 0.069676 0.045573 0.139352
0 0.639844 0.899769 0.077083 0.200463
0 0.555729 0.938889 0.052083 0.122222
0 0.416536 0.085648 0.020573 0.061111
0 0.775911 0.478704 0.076302 0.123148
0 0.781250 0.219676 0.046354 0.112500
0 0.592057 0.453704 0.037240 0.085185
0 0.775521 0.478935 0.077604 0.126389
0 0.564063 0.046991 0.026562 0.043056
0 0.854948 0.528704 0.052604 0.111111
0 0.773698 0.252083 0.031250 0.048611
0 0.663932 0.010185 0.007031 0.020370
0 0.674740 0.021991 0.007292 0.020833
0 0.359115 0.436574 0.025000 0.033333
0 0.459635 0.076389 0.040625 0.152778
0 0.546135 0.561053 0.056901 0.341449
