0 0.720586 0.499081 0.100339 0.147949
0 0.697526 0.421528 0.142969 0.298611
0 0.628385 0.899074 0.105208 0.201852
0 0.512630 0.268981 0.063281 0.271296
0 0.437630 0.440509 0.023698 0.031944
0 0.779427 0.382870 0.044792 0.130556
0 0.527344 0.009722 0.020833 0.019444
0 0.772526 0.411574 0.029948 0.058333
0 0.435937 0.417130 0.027083 0.078704
0 0.776172 0.810648 0.056510 0.104630
0 0.660417 0.863426 0.051042 0.124074
0 0.411849 0.088194 0.016927 0.043056
0 0.649349 0.312037 0.049219 0.080556
0 0.418490 0.247685 0.022917 0.062037
0 0.556250 0.007870 0.014583 0.015741
0 0.531901 0.083565 0.018490 0.031019
0 0.398958 0.700926 0.065625 0.198148
0 0.352344 0.580787 0.015104 0.041204
0 0.904036 0.956019 0.062760 0.087963
0 0.474479 0.058796 0.015104 0.034259
0 0.445052 0.046759 0.021875 0.077778
0 0.475260 0.294676 0.057813 0.290278
0 0.654557 0.111343 0.014323 0.104167
