0 0.496354 0.688657 0.042708 0.122685
0 0.497526 0.113426 0.059115 0.226852
0 0.421484 0.188426 0.021094 0.064815
0 0.780729 0.271991 0.045312 0.110648
0 0.723828 0.425926 0.065365 0.150000
0 0.411589 0.060185 0.019531 0.053704
0 0.428805 0.189169 0.007594 0.065486
0 0.723958 0.403935 0.064583 0.106019
0 0.773047 0.307176 0.030469 0.054167
0 0.654818 0.032870 0.015365 0.027778
0 0.611068 0.578935 0.042448 0.101389
0 0.654297 0.016435 0.010677 0.032870
0 0.550521 0.054167 0.023438 0.038889
0 0.674089 0.076620 0.007552 0.020833
0 0.781641 0.450231 0.091927 0.126389
0 0.663151 0.064815 0.007031 0.020370
0 0.564081 0.647269 0.061724 0.265287
0 0.463281 0.121759 0.046354 0.243519
