0 0.609505 0.348148 0.082552 0.190741
0 0.516927 0.709954 0.051042 0.157870
0 0.480208 0.851620 0.041146 0.116204
0 0.451562 0.072454 0.029687 0.094907
0 0.629167 0.436343 0.034896 0.023611
0 0.437500 0.571991 0.030729 0.079167
0 0.524609 0.080093 0.019010 0.085185
0 0.476562 0.020139 0.028125 0.040278
0 0.779297 0.522454 0.042969 0.041204
0 0.771484 0.561574 0.030990 0.050000
0 0.750651 0.889583 0.054948 0.101389
0 0.436589 0.557407 0.027865 0.050926
0 0.549089 0.087500 0.011198 0.019444
0 0.533203 0.026620 0.011719 0.018056
0 0.544661 0.004167 0.012240 0.008333
0 0.474740 0.187500 0.017708 0.040741
0 0.503906 0.007639 0.011979 0.015278
0 0.575000 0.022454 0.010417 0.016204
0 0.416406 0.351620 0.020313 0.054167
0 0.490625 0.503472 0.057813 0.181019
0 0.573177 0.022917 0.006250 0.015278
0 0.473698 0.107639 0.013021 0.028241
0 0.470182 0.020139 0.015365 0.040278
0 0.521354 0.165741 0.013021 0.025000
0 0.455990 0.060417 0.037500 0.120833
0 0.571745 0.285417 0.008594 0.051389
0 0.729427 0.463426 0.008854 0.024074
0 0.430208 0.072454 0.012500 0.021759
0 0.617057 0.529630 0.033594 0.057407
0 0.489583 0.028241 0.012500 0.023148
0 0.652344 0.269213 0.014063 0.102315
0 0.414974 0.182870 0.021094 0.081481
0 0.447656 0.259028 0.024479 0.095833
0 0.538542 0.545139 0.087500 0.338426
