0 0.568750 0.370602 0.047396 0.133796
0 0.448177 0.259259 0.027604 0.103704
0 0.473958 0.173380 0.029167 0.064352
0 0.527474 0.206250 0.019531 0.072685
0 0.554948 0.071991 0.033854 0.037500
0 0.563542 0.828704 0.155208 0.340741
0 0.573828 0.083565 0.032552 0.039352
0 0.779948 0.687500 0.044271 0.124074
0 0.564453 0.089583 0.014844 0.029167
0 0.547005 0.076620 0.017969 0.028241
0 0.608203 0.058796 0.018490 0.024074
0 0.568099 0.121296 0.013281 0.023148
0 0.535156 0.859491 0.099479 0.281019
0 0.552604 0.471991 0.021875 0.037500
0 0.493359 0.499769 0.020573 0.045833
0 0.480469 0.395833 0.019792 0.048148
0 0.772917 0.716667 0.031250 0.053704
0 0.475130 0.143056 0.012760 0.018519
0 0.475130 0.971065 0.037240 0.057870
0 0.427865 0.658565 0.025000 0.069907
0 0.520833 0.278241 0.012500 0.022222
0 0.554688 0.080093 0.009375 0.031481
0 0.472917 0.296759 0.014063 0.029630
0 0.449349 0.186574 0.014323 0.023148
0 0.577474 0.432176 0.026302 0.014352
0 0.415625 0.422222 0.022917 0.101852
0 0.652083 0.433796 0.015104 0.083333
0 0.527214 0.115509 0.041406 0.030093
0 0.455469 0.493519 0.031771 0.121296
