0 0.779818 0.470833 0.042448 0.041667
0 0.655208 0.450463 0.044271 0.043519
0 0.631901 0.359722 0.100260 0.220370
0 0.450911 0.029630 0.028906 0.059259
0 0.461458 0.690972 0.035417 0.100463
0 0.485547 0.438426 0.061719 0.233333
0 0.431771 0.455556 0.022917 0.074074
0 0.433464 0.007870 0.012760 0.015741
0 0.771354 0.508796 0.030729 0.050000
0 0.549609 0.055787 0.011719 0.020833
0 0.473438 0.119907 0.016667 0.038889
0 0.474609 0.045370 0.012760 0.027778
0 0.481641 0.004167 0.010677 0.008333
0 0.729557 0.411806 0.009115 0.023611
0 0.414323 0.259954 0.018750 0.049537
0 0.599870 0.282870 0.036719 0.074074
0 0.523177 0.133796 0.014583 0.026852
0 0.656250 0.590509 0.039583 0.068981
0 0.525000 0.043287 0.019792 0.086574
0 0.502734 0.579630 0.049740 0.163889
0 0.446745 0.184491 0.024740 0.093056
0 0.652734 0.216204 0.014323 0.102778
0 0.528906 0.448148 0.077083 0.312963
0 0.415755 0.107639 0.021615 0.076389
