0 0.781510 0.782639 0.044271 0.112500
0 0.544531 0.182407 0.033333 0.038889
0 0.531120 0.292824 0.021094 0.067130
0 0.570573 0.190741 0.032813 0.037963
0 0.469010 0.291204 0.031771 0.078704
0 0.605990 0.163657 0.019792 0.025463
0 0.574870 0.217824 0.013281 0.021759
0 0.473698 0.431944 0.014063 0.016667
0 0.486589 0.539352 0.022135 0.053704
0 0.564844 0.614583 0.024479 0.042130
0 0.415365 0.430324 0.013542 0.014352
0 0.561458 0.196065 0.014583 0.028241
0 0.775260 0.815278 0.031771 0.047222
0 0.534115 0.494444 0.018229 0.030556
0 0.571615 0.938194 0.111979 0.123611
0 0.572526 0.218519 0.008594 0.020370
0 0.505078 0.664583 0.023698 0.053241
0 0.437760 0.316667 0.015625 0.026852
0 0.443359 0.906250 0.031510 0.087500
0 0.566016 0.945602 0.024219 0.108796
0 0.536849 0.187037 0.017969 0.029630
0 0.551823 0.183333 0.018750 0.040741
0 0.544723 0.938451 0.059820 0.121681
0 0.537500 0.223843 0.017188 0.021759
0 0.522135 0.355787 0.011979 0.021759
0 0.415755 0.422917 0.014323 0.029167
0 0.610547 0.165509 0.016927 0.023611
0 0.473828 0.423611 0.014844 0.032407
0 0.596094 0.215741 0.008333 0.015741
0 0.464974 0.675231 0.037760 0.130093
0 0.556771 0.412963 0.033854 0.109259
0 0.651563 0.525694 0.014063 0.101389
0 0.419271 0.597917 0.026042 0.125463
0 0.520964 0.223148 0.036198 0.029630
0 0.445964 0.384491 0.027865 0.114352
