0 0.579167 0.356481 0.057292 0.149074
0 0.519531 0.778935 0.087500 0.337500
0 0.449219 0.196296 0.028646 0.100000
0 0.555599 0.323611 0.011719 0.082407
0 0.548307 0.944907 0.053385 0.110185
0 0.476823 0.108565 0.027083 0.055093
0 0.780078 0.624306 0.042969 0.040278
0 0.575391 0.028935 0.033594 0.036574
0 0.772526 0.665972 0.030469 0.054167
0 0.566016 0.034259 0.015365 0.028704
0 0.560026 0.016667 0.034115 0.033333
0 0.564714 0.071528 0.013802 0.024537
0 0.460938 0.841898 0.037500 0.102315
0 0.490104 0.435880 0.016667 0.015278
0 0.567318 0.475463 0.024740 0.042593
0 0.482422 0.078704 0.011198 0.011111
0 0.550391 0.019444 0.014323 0.028704
0 0.423177 0.549306 0.022917 0.064352
0 0.593880 0.880787 0.057552 0.176389
0 0.478646 0.325463 0.017708 0.045370
0 0.520573 0.239120 0.012500 0.023611
0 0.643750 0.704398 0.038542 0.068981
0 0.538932 0.118750 0.010677 0.016204
0 0.550521 0.095833 0.010937 0.016667
0 0.489323 0.421759 0.019271 0.043519
0 0.614844 0.008102 0.013021 0.016204
0 0.526693 0.077546 0.012240 0.018981
0 0.557031 0.024306 0.008854 0.031944
0 0.467578 0.134954 0.017448 0.044907
0 0.659635 0.431481 0.007812 0.016667
0 0.495312 0.093287 0.010417 0.017130
0 0.525781 0.163657 0.018750 0.076389
0 0.651823 0.373611 0.013542 0.100926
0 0.415234 0.339583 0.022135 0.093981
0 0.452865 0.412963 0.027604 0.111111
0 0.526563 0.059491 0.035937 0.030093
