0 0.780208 0.734028 0.044271 0.117130
0 0.561589 0.390046 0.039323 0.119907
0 0.447526 0.321065 0.026302 0.108796
0 0.567187 0.441435 0.022917 0.018981
0 0.549870 0.127315 0.033594 0.037963
0 0.528906 0.249769 0.019792 0.068981
0 0.471094 0.234954 0.029687 0.076389
0 0.571875 0.137731 0.032813 0.039352
0 0.536589 0.918519 0.077865 0.162963
0 0.483333 0.466898 0.020833 0.050463
0 0.563021 0.142824 0.014583 0.028241
0 0.773958 0.764815 0.031771 0.048148
0 0.607161 0.111343 0.020052 0.024537
0 0.571745 0.169907 0.013802 0.023148
0 0.569531 0.881250 0.142708 0.235648
0 0.541406 0.478935 0.020313 0.033796
0 0.540234 0.131713 0.014844 0.030093
0 0.603906 0.111111 0.013542 0.024074
0 0.467578 0.206713 0.012240 0.019907
0 0.557943 0.234491 0.010156 0.015278
0 0.434505 0.775926 0.027865 0.076852
0 0.443229 0.251852 0.015104 0.025000
0 0.498568 0.580324 0.022135 0.048611
0 0.572786 0.615278 0.006510 0.023148
0 0.583724 0.626389 0.028385 0.049074
0 0.521354 0.316667 0.011979 0.022222
0 0.491406 0.204630 0.010937 0.018519
0 0.459766 0.579630 0.035677 0.128704
0 0.651693 0.485417 0.014323 0.081019
0 0.416406 0.507639 0.023958 0.112500
0 0.522135 0.169213 0.033333 0.029167
