0 0.592839 0.349537 0.067969 0.168519
0 0.779297 0.592593 0.043490 0.079630
0 0.532682 0.841204 0.054427 0.169444
0 0.450391 0.134259 0.028906 0.098148
0 0.568099 0.304398 0.020052 0.077315
0 0.477083 0.057407 0.028646 0.062963
0 0.447917 0.699769 0.033854 0.090278
0 0.543099 0.591667 0.080469 0.255556
0 0.506120 0.651620 0.076823 0.285648
0 0.524740 0.120833 0.018229 0.081481
0 0.555859 0.750926 0.020052 0.138889
0 0.561589 0.021759 0.013281 0.025000
0 0.419792 0.447454 0.021354 0.058796
0 0.520703 0.008796 0.019531 0.017593
0 0.488411 0.020139 0.012240 0.016204
0 0.496745 0.982639 0.033594 0.034722
0 0.515766 0.518505 0.097333 0.112120
0 0.771875 0.612037 0.031250 0.050926
0 0.574479 0.757407 0.053125 0.158333
0 0.476693 0.255324 0.019010 0.043981
0 0.469271 0.076620 0.016146 0.043981
0 0.578125 0.029398 0.011458 0.017130
0 0.535937 0.072222 0.010417 0.017593
0 0.542188 0.008102 0.014583 0.016204
0 0.594922 0.006713 0.010156 0.013426
0 0.582552 0.003241 0.010417 0.006481
0 0.547526 0.047222 0.011198 0.017593
0 0.496875 0.036111 0.010937 0.017593
0 0.579948 0.063657 0.009896 0.015278
0 0.520573 0.201157 0.013021 0.025463
0 0.528255 0.020370 0.011719 0.019444
0 0.690104 0.778935 0.046354 0.081944
0 0.473307 0.169907 0.013281 0.028704
0 0.426823 0.140509 0.013021 0.022685
0 0.549740 0.121759 0.010417 0.017593
0 0.450521 0.333333 0.027083 0.105556
0 0.651953 0.321759 0.013802 0.100000
0 0.414714 0.259722 0.022656 0.087037
