0 0.783333 0.817361 0.042708 0.078241
0 0.442839 0.472917 0.024740 0.071759
0 0.554167 0.457870 0.026562 0.062963
0 0.465625 0.349074 0.032292 0.079630
0 0.532552 0.337500 0.021875 0.064815
0 0.539062 0.237500 0.033854 0.039815
0 0.568359 0.243056 0.032031 0.039815
0 0.604167 0.215972 0.020833 0.026389
0 0.490365 0.615278 0.023958 0.056481
0 0.559766 0.248611 0.015365 0.028704
0 0.577865 0.265509 0.012500 0.021759
0 0.454167 0.332639 0.013021 0.023611
0 0.431771 0.383565 0.016146 0.029167
0 0.530469 0.242130 0.017188 0.030556
0 0.528776 0.515972 0.016406 0.029167
0 0.511719 0.754167 0.025000 0.057407
0 0.474089 0.488657 0.015885 0.034722
0 0.550911 0.615509 0.021094 0.036574
0 0.572266 0.594907 0.008073 0.030556
0 0.776172 0.866204 0.032031 0.047222
0 0.480990 0.373611 0.013542 0.025000
0 0.565495 0.314583 0.009635 0.014352
0 0.545573 0.252083 0.010417 0.012500
0 0.457813 0.326852 0.020313 0.033333
0 0.522396 0.395602 0.011458 0.021759
0 0.413151 0.499074 0.015885 0.031481
0 0.487370 0.313889 0.011198 0.019444
0 0.573047 0.265509 0.003906 0.018056
0 0.494401 0.347222 0.011198 0.017593
0 0.597656 0.263657 0.005208 0.013426
0 0.561849 0.285648 0.010677 0.015741
0 0.423307 0.694444 0.031510 0.138889
0 0.518099 0.276852 0.035156 0.027778
0 0.472396 0.765972 0.046354 0.157870
0 0.651563 0.582639 0.014583 0.089352
