0 0.444661 0.719213 0.025260 0.152315
0 0.678255 0.923148 0.141927 0.153704
0 0.560026 0.452315 0.034115 0.037963
0 0.517318 0.456019 0.032552 0.043519
0 0.456510 0.583102 0.030208 0.093056
0 0.540234 0.518981 0.023177 0.056481
0 0.591016 0.457870 0.013281 0.020370
0 0.552474 0.457407 0.014844 0.028704
0 0.598828 0.423380 0.028906 0.031019
0 0.515885 0.961343 0.032813 0.077315
0 0.430078 0.592361 0.014844 0.031019
0 0.520573 0.638426 0.013021 0.023148
0 0.510938 0.471759 0.045833 0.075000
0 0.630208 0.935648 0.045312 0.082407
0 0.509635 0.460880 0.018229 0.035648
0 0.531380 0.465741 0.010677 0.016667
0 0.414062 0.665972 0.017708 0.039352
0 0.476953 0.534491 0.011719 0.019907
0 0.553255 0.683796 0.013802 0.026852
0 0.479818 0.771528 0.019531 0.043056
0 0.459245 0.558565 0.025260 0.043981
0 0.525651 0.696528 0.014844 0.029167
0 0.600651 0.432870 0.016406 0.013889
0 0.560547 0.489352 0.010677 0.015741
0 0.411849 0.839120 0.018490 0.046759
0 0.652083 0.873611 0.040625 0.055556
0 0.508073 0.515509 0.011979 0.022685
0 0.526563 0.566898 0.010937 0.018056
0 0.545703 0.447222 0.008073 0.009259
0 0.591927 0.424074 0.013021 0.025000
0 0.474089 0.608333 0.013802 0.029630
0 0.584115 0.485880 0.009375 0.012500
0 0.534505 0.481019 0.010156 0.013889
0 0.496875 0.536806 0.011458 0.020833
0 0.487109 0.571296 0.011719 0.012963
0 0.549089 0.573380 0.017448 0.074537
0 0.652995 0.781713 0.014323 0.102315
0 0.504818 0.494444 0.033594 0.031481
