0 0.445833 0.792824 0.027083 0.164352
0 0.651432 0.921065 0.124219 0.157870
0 0.454167 0.642824 0.030729 0.097685
0 0.511458 0.511111 0.033333 0.045370
0 0.558724 0.506250 0.030469 0.039352
0 0.543099 0.559259 0.021615 0.043519
0 0.550130 0.610417 0.017969 0.069907
0 0.598047 0.475463 0.029948 0.032407
0 0.593620 0.506019 0.011198 0.021296
0 0.550781 0.511111 0.014583 0.028704
0 0.424479 0.662500 0.015625 0.034259
0 0.589583 0.475000 0.013021 0.025926
0 0.597005 0.484259 0.011719 0.016667
0 0.427604 0.661806 0.009375 0.032870
0 0.506641 0.525694 0.042969 0.074537
0 0.510286 0.526852 0.050781 0.076852
0 0.527344 0.518981 0.010937 0.017593
0 0.520312 0.675231 0.011979 0.023611
0 0.503385 0.518287 0.017708 0.032870
0 0.608594 0.929398 0.040104 0.075463
0 0.505469 0.569676 0.011979 0.018056
0 0.666016 0.873843 0.039844 0.093981
0 0.640755 0.955324 0.070052 0.089352
0 0.411328 0.743750 0.017969 0.041204
0 0.563281 0.536574 0.010417 0.015741
0 0.532552 0.533796 0.009896 0.014815
0 0.541276 0.501389 0.009635 0.010185
0 0.472396 0.670370 0.014063 0.030556
0 0.473307 0.590741 0.011719 0.019444
0 0.523307 0.727546 0.013281 0.027315
0 0.550391 0.713426 0.013802 0.025000
0 0.413672 0.938426 0.020573 0.052778
0 0.575130 0.817130 0.020052 0.034259
0 0.505469 0.549306 0.041667 0.031944
