0 0.448437 0.924074 0.029687 0.150926
0 0.450260 0.761343 0.029687 0.106019
0 0.555599 0.605787 0.032031 0.043056
0 0.548047 0.653935 0.024740 0.050463
0 0.501563 0.618519 0.032292 0.048148
0 0.619010 0.927315 0.068229 0.143519
0 0.554557 0.685417 0.020052 0.061574
0 0.569010 0.945602 0.010937 0.056019
0 0.496354 0.655324 0.033333 0.033796
0 0.546745 0.612269 0.015365 0.031019
0 0.597786 0.568287 0.030469 0.022685
0 0.405990 0.908333 0.019271 0.050000
0 0.415104 0.804630 0.016146 0.040741
0 0.488281 0.657176 0.017188 0.029167
0 0.586198 0.575694 0.014063 0.027315
0 0.498828 0.631944 0.037760 0.075000
0 0.504818 0.649074 0.016927 0.023148
0 0.594141 0.583333 0.013281 0.018519
0 0.570573 0.580093 0.011458 0.012963
0 0.579688 0.940509 0.031771 0.065278
0 0.521484 0.749769 0.011719 0.021759
0 0.598307 0.954167 0.069010 0.091667
0 0.590234 0.576620 0.022135 0.031019
0 0.467187 0.702083 0.013021 0.021759
0 0.521224 0.795602 0.012240 0.023611
0 0.550260 0.673611 0.028646 0.085185
0 0.531250 0.606713 0.010417 0.011574
0 0.470833 0.793287 0.015104 0.033796
0 0.520833 0.625000 0.010937 0.015741
0 0.561068 0.858333 0.017448 0.028704
0 0.493359 0.624769 0.017448 0.036574
0 0.547396 0.776157 0.011979 0.022685
0 0.598568 0.597685 0.005469 0.024074
0 0.530599 0.697917 0.010156 0.018056
