0 0.549219 0.502546 0.020833 0.084722
0 0.461719 0.465509 0.030729 0.085648
0 0.527474 0.346991 0.033594 0.041204
0 0.534115 0.440046 0.018229 0.034722
0 0.535937 0.427778 0.022396 0.059259
0 0.564453 0.347685 0.031510 0.040741
0 0.486719 0.942361 0.051042 0.115278
0 0.441276 0.460417 0.014323 0.026389
0 0.584505 0.362269 0.013281 0.021759
0 0.556120 0.352778 0.014844 0.029630
0 0.602474 0.320602 0.026302 0.029167
0 0.422005 0.521065 0.016927 0.032870
0 0.427474 0.520833 0.006510 0.028704
0 0.486328 0.920833 0.023177 0.072222
0 0.522786 0.568750 0.012760 0.020833
0 0.520182 0.351157 0.019010 0.033796
0 0.500911 0.429167 0.011198 0.014815
0 0.538281 0.357639 0.009896 0.017130
0 0.500130 0.777778 0.027344 0.064815
0 0.529557 0.946065 0.029427 0.067130
0 0.492188 0.977546 0.040104 0.044907
0 0.574479 0.398380 0.009375 0.014352
0 0.477344 0.489352 0.014063 0.027778
0 0.482292 0.427778 0.010937 0.010185
0 0.554948 0.395833 0.009896 0.014815
0 0.524219 0.479861 0.010937 0.019907
0 0.472786 0.532176 0.012760 0.024537
0 0.537109 0.377083 0.010677 0.013426
0 0.567839 0.380324 0.011198 0.015278
0 0.482682 0.422685 0.011719 0.020370
0 0.512630 0.407176 0.012760 0.022685
0 0.490755 0.459259 0.011719 0.018519
0 0.533984 0.645370 0.017448 0.032407
0 0.430208 0.912731 0.040104 0.174537
0 0.443620 0.581250 0.026823 0.135648
0 0.651823 0.678472 0.013542 0.101389
0 0.510547 0.386111 0.034115 0.031481
0 0.733464 0.939120 0.147135 0.121759
