0 0.637891 0.922917 0.083073 0.154167
0 0.451693 0.703241 0.032031 0.101852
0 0.551562 0.648611 0.018229 0.065741
0 0.545182 0.609722 0.024219 0.051852
0 0.498828 0.603472 0.033594 0.033796
0 0.502604 0.580556 0.040625 0.075926
0 0.613672 0.948843 0.078385 0.102315
0 0.419792 0.733102 0.015625 0.037500
0 0.408854 0.825231 0.019792 0.045833
0 0.490885 0.604398 0.017708 0.032870
0 0.520573 0.713426 0.011979 0.022222
0 0.471484 0.732407 0.014844 0.031481
0 0.487370 0.932639 0.021615 0.050463
0 0.567057 0.837037 0.018490 0.029630
0 0.521875 0.761574 0.013021 0.025926
0 0.548568 0.745370 0.012760 0.023148
0 0.591406 0.932639 0.034375 0.069907
0 0.446484 0.723843 0.020573 0.061574
0 0.470182 0.646759 0.012240 0.022222
0 0.447786 0.868519 0.029427 0.176852
0 0.552202 0.549208 0.125237 0.082139
