0 0.444141 0.649306 0.024740 0.141204
0 0.458854 0.523611 0.030729 0.089815
0 0.538411 0.472222 0.023177 0.057407
0 0.548958 0.536343 0.017708 0.078241
0 0.522005 0.401389 0.033073 0.042593
0 0.562500 0.401157 0.030729 0.037500
0 0.587891 0.409259 0.012760 0.022222
0 0.433464 0.968981 0.034115 0.062037
0 0.600391 0.371528 0.026823 0.030093
0 0.435417 0.524769 0.015104 0.030093
0 0.554036 0.405093 0.014323 0.029630
0 0.507422 0.865972 0.029948 0.069907
0 0.521224 0.603241 0.013281 0.025000
0 0.535677 0.429398 0.009896 0.011574
0 0.479948 0.476852 0.011979 0.021296
0 0.475651 0.548380 0.013802 0.029167
0 0.417578 0.591898 0.017448 0.035648
0 0.557682 0.442130 0.011198 0.015741
0 0.570964 0.428472 0.010677 0.011574
0 0.601693 0.379630 0.013802 0.016667
0 0.514974 0.415972 0.047656 0.072685
0 0.477604 0.696759 0.018229 0.039815
0 0.525521 0.522685 0.011458 0.019444
0 0.529167 0.668287 0.015625 0.030093
0 0.498958 0.481481 0.011458 0.019444
0 0.535026 0.412037 0.010156 0.015741
0 0.579297 0.441435 0.009635 0.013426
0 0.510156 0.461343 0.012500 0.021759
0 0.556771 0.656019 0.016667 0.028704
0 0.410938 0.746296 0.017708 0.041667
0 0.488932 0.515972 0.011719 0.018981
0 0.652474 0.728704 0.014323 0.100000
0 0.703776 0.930787 0.144531 0.138426
0 0.507161 0.440046 0.034115 0.031019
