0 0.594792 0.933102 0.076042 0.131944
0 0.567839 0.960185 0.024219 0.077778
0 0.496484 0.667361 0.032552 0.047685
0 0.550521 0.694444 0.025000 0.049074
0 0.557422 0.721296 0.020052 0.057407
0 0.411589 0.878009 0.016927 0.044907
0 0.553516 0.652083 0.033594 0.043981
0 0.493490 0.702778 0.032813 0.034259
0 0.585026 0.960880 0.058594 0.078241
0 0.544792 0.658796 0.015625 0.030556
0 0.595703 0.619907 0.034635 0.035185
0 0.592708 0.627315 0.013021 0.020370
0 0.405469 0.982870 0.021875 0.032407
0 0.485677 0.705556 0.017188 0.027778
0 0.488151 0.675694 0.019010 0.035648
0 0.470443 0.852546 0.014844 0.034722
0 0.449089 0.958796 0.032031 0.082407
0 0.555990 0.880093 0.015625 0.026852
0 0.501823 0.698148 0.016667 0.024074
0 0.464062 0.755324 0.013021 0.023611
0 0.471745 0.915741 0.015365 0.033333
0 0.526432 0.654398 0.010677 0.013426
0 0.522656 0.785185 0.010937 0.020370
0 0.588802 0.622222 0.021354 0.030556
0 0.565104 0.627315 0.011458 0.011111
0 0.449089 0.958796 0.032031 0.082407
0 0.584896 0.621296 0.014063 0.026852
0 0.486328 0.756019 0.012760 0.023148
0 0.532292 0.737731 0.010417 0.018056
0 0.448568 0.817824 0.028906 0.112500
