0 0.550911 0.470833 0.024740 0.091667
0 0.534245 0.382639 0.022135 0.059722
0 0.464453 0.406944 0.031510 0.083333
0 0.783854 0.884259 0.044792 0.112963
0 0.533203 0.292593 0.033594 0.040741
0 0.567057 0.295370 0.033073 0.040741
0 0.558203 0.301852 0.015365 0.028704
0 0.604688 0.269213 0.025521 0.028241
0 0.581250 0.314120 0.013021 0.022685
0 0.456771 0.436574 0.017188 0.025926
0 0.494531 0.694907 0.025000 0.061111
0 0.525130 0.296296 0.017969 0.033333
0 0.479427 0.432639 0.013021 0.022685
0 0.428776 0.451852 0.012760 0.030556
0 0.520052 0.847454 0.027083 0.063426
0 0.447396 0.394676 0.013542 0.025463
0 0.525391 0.542361 0.015365 0.027315
0 0.651823 0.657870 0.014063 0.038889
0 0.569922 0.356481 0.009635 0.013889
0 0.474740 0.556481 0.015625 0.035185
0 0.541276 0.626852 0.019531 0.034259
0 0.777734 0.917824 0.032552 0.047685
0 0.542188 0.305787 0.010417 0.014352
0 0.564714 0.333565 0.011198 0.014352
0 0.515104 0.352778 0.011979 0.021296
0 0.523568 0.437500 0.011198 0.021296
0 0.485026 0.368519 0.011719 0.020370
0 0.538672 0.324769 0.010156 0.014352
0 0.523698 0.308333 0.053125 0.072222
0 0.473698 0.471528 0.012500 0.023611
0 0.552344 0.349306 0.010417 0.015278
0 0.503125 0.372222 0.011458 0.020370
0 0.412370 0.569213 0.013802 0.015278
0 0.444661 0.513889 0.025260 0.127778
0 0.651823 0.617593 0.013542 0.079630
0 0.478906 0.870139 0.048958 0.176389
0 0.762630 0.969907 0.132552 0.060185
0 0.514583 0.331019 0.035417 0.030556
0 0.426302 0.800000 0.038021 0.157407
