0 0.480208 0.808565 0.033854 0.056944
0 0.446224 0.956713 0.025781 0.086574
0 0.580208 0.957639 0.032813 0.084722
0 0.547266 0.781019 0.033594 0.044444
0 0.538932 0.788657 0.015365 0.031019
0 0.564323 0.813194 0.033333 0.064352
0 0.569531 0.819907 0.022917 0.050926
0 0.557943 0.985880 0.030469 0.028241
0 0.483854 0.842593 0.033854 0.041667
0 0.510547 0.799074 0.012760 0.031481
0 0.476302 0.846991 0.018750 0.035648
0 0.560156 0.804861 0.025521 0.048611
0 0.613542 0.734722 0.011458 0.018519
0 0.588672 0.754630 0.013802 0.017593
0 0.455990 0.904167 0.013021 0.025000
0 0.511068 0.790046 0.011719 0.013426
0 0.547917 0.759491 0.011979 0.014352
0 0.472526 0.816667 0.020052 0.039815
0 0.492708 0.834954 0.017188 0.027315
0 0.538021 0.782639 0.020833 0.028241
0 0.479557 0.904861 0.012240 0.025463
0 0.527865 0.882870 0.010937 0.019444
0 0.509635 0.806713 0.010937 0.016204
0 0.523307 0.915741 0.010677 0.021296
0 0.549219 0.949537 0.012500 0.022222
0 0.549089 0.889120 0.010156 0.018056
0 0.475651 0.963657 0.013281 0.025463
0 0.558984 0.957639 0.032031 0.084722
0 0.504036 0.843287 0.010156 0.017130
0 0.592318 0.742824 0.037760 0.033796
