0 0.576042 0.948148 0.059375 0.103704
0 0.485286 0.762037 0.034635 0.054630
0 0.565234 0.976389 0.039323 0.047222
0 0.549740 0.736574 0.033854 0.049074
0 0.565625 0.786806 0.022396 0.052315
0 0.557031 0.767593 0.025521 0.048148
0 0.486979 0.796991 0.033854 0.039352
0 0.540885 0.745139 0.015625 0.032870
0 0.479297 0.799306 0.018490 0.034722
0 0.590755 0.711574 0.013802 0.021296
0 0.458854 0.854398 0.012500 0.024537
0 0.557813 0.976389 0.030208 0.047222
0 0.592187 0.703241 0.033854 0.036111
0 0.470833 0.968519 0.016146 0.038889
0 0.554167 0.715046 0.011979 0.011574
0 0.476823 0.769907 0.018750 0.038889
0 0.586328 0.706019 0.022656 0.030556
0 0.516146 0.745833 0.011458 0.012963
0 0.550781 0.924769 0.013542 0.022685
0 0.522266 0.885417 0.010677 0.021759
0 0.581641 0.705324 0.013281 0.027315
0 0.613021 0.695139 0.011458 0.018981
0 0.512500 0.762037 0.011458 0.017593
0 0.550781 0.776620 0.012500 0.031019
0 0.526172 0.850231 0.011198 0.018981
0 0.481901 0.854630 0.012240 0.024074
0 0.476953 0.909028 0.012760 0.023611
0 0.495703 0.789583 0.016927 0.027315
0 0.596094 0.734259 0.010417 0.012963
0 0.547656 0.860417 0.010417 0.018056
0 0.560547 0.778472 0.032031 0.068981
0 0.446224 0.924537 0.028385 0.125000
