0 0.474349 0.855787 0.035156 0.059722
0 0.576823 0.968519 0.027604 0.062963
0 0.480729 0.890509 0.034375 0.043981
0 0.545573 0.823380 0.032292 0.045833
0 0.567448 0.968287 0.009375 0.061574
0 0.573958 0.854167 0.023438 0.049074
0 0.453516 0.955556 0.013281 0.026852
0 0.562630 0.840509 0.022656 0.044907
0 0.568490 0.861574 0.012500 0.034259
0 0.536979 0.831019 0.015104 0.031481
0 0.613021 0.775694 0.013021 0.020833
0 0.473177 0.894213 0.019271 0.036574
0 0.505469 0.836574 0.011458 0.012037
0 0.588281 0.796065 0.015104 0.018056
0 0.477474 0.957176 0.012240 0.026389
0 0.466276 0.864352 0.019010 0.042593
0 0.506380 0.844907 0.012760 0.028704
0 0.543099 0.804167 0.012240 0.013889
0 0.524609 0.947222 0.010677 0.020370
0 0.507161 0.850463 0.011198 0.017593
0 0.530208 0.917361 0.010937 0.018981
0 0.548698 0.975926 0.011979 0.022222
0 0.490234 0.913426 0.013281 0.025000
0 0.551693 0.918287 0.010156 0.018056
0 0.489844 0.882176 0.016667 0.027315
0 0.541146 0.882639 0.010417 0.016204
0 0.588932 0.784259 0.035156 0.033333
