0 0.594010 0.939815 0.046875 0.118519
0 0.490495 0.715741 0.033594 0.052778
0 0.574349 0.968056 0.048698 0.063889
0 0.562370 0.967824 0.025260 0.064352
0 0.551432 0.693056 0.033073 0.050000
0 0.561719 0.754398 0.021354 0.055093
0 0.553776 0.732176 0.025260 0.049537
0 0.593490 0.662037 0.033854 0.036111
0 0.408854 0.952315 0.017708 0.050000
0 0.490234 0.750926 0.033073 0.037037
0 0.542708 0.702778 0.016146 0.030556
0 0.483594 0.753935 0.019792 0.030093
0 0.461589 0.805093 0.012240 0.023148
0 0.587240 0.665278 0.021354 0.032407
0 0.591536 0.671528 0.013802 0.019907
0 0.582292 0.664352 0.011979 0.025000
0 0.524349 0.818056 0.011198 0.019444
0 0.470573 0.910185 0.015625 0.037037
0 0.556901 0.745602 0.030990 0.073611
0 0.482812 0.722454 0.018229 0.039352
0 0.473307 0.979861 0.016406 0.035648
0 0.553516 0.901620 0.015365 0.024537
0 0.478516 0.855787 0.012240 0.022685
0 0.498698 0.743981 0.016667 0.024074
0 0.560026 0.671296 0.011719 0.010185
0 0.484245 0.804861 0.012240 0.024537
0 0.521615 0.856019 0.010937 0.022222
0 0.546745 0.832870 0.010677 0.019444
0 0.592057 0.696759 0.010677 0.012963
0 0.497396 0.772917 0.013021 0.025463
0 0.521615 0.700694 0.009896 0.010648
0 0.447526 0.871296 0.028906 0.117593
