0 0.852377 0.418206 0.008300 0.009135
0 0.277325 0.419802 0.008318 0.009261
0 0.612675 0.441511 0.008469 0.009965
0 0.891493 0.427848 0.009408 0.011737
0 0.343998 0.417871 0.008006 0.008125
0 0.259235 0.449975 0.008104 0.008300
0 0.944660 0.419587 0.033396 0.019201
0 0.755308 0.415576 0.008518 0.010060
0 0.683171 0.443897 0.010342 0.009456
0 0.616966 0.712142 0.011699 0.013062
0 0.508984 0.921528 0.008594 0.029167
0 0.582031 0.687500 0.015625 0.019444
0 0.539062 0.442361 0.012500 0.012500
0 0.241406 0.728472 0.009375 0.012500
