0 0.673233 0.414901 0.008060 0.008686
0 0.388119 0.417538 0.007055 0.007816
0 0.407786 0.423985 0.009229 0.010115
0 0.257559 0.420850 0.008844 0.008342
0 0.771613 0.415964 0.008193 0.008066
0 0.804415 0.423600 0.009741 0.008186
0 0.336521 0.447389 0.008746 0.008879
0 0.764733 0.445135 0.009840 0.009182
0 0.282278 0.430098 0.009615 0.011873
0 0.017879 0.462519 0.020038 0.009197
0 0.980571 0.428759 0.009829 0.007768
0 0.192457 0.424024 0.009007 0.007795
0 0.503125 0.773611 0.014063 0.030556
0 0.886719 0.416667 0.028125 0.019444
0 0.484375 0.011111 0.007812 0.013889
