0 0.825615 0.417225 0.009376 0.009152
0 0.603826 0.704204 0.010842 0.014104
0 0.315196 0.418881 0.007815 0.008251
0 0.639999 0.442354 0.009278 0.009282
0 0.249499 0.420443 0.009179 0.009207
0 0.727819 0.415990 0.007889 0.007777
0 0.570762 0.677816 0.009415 0.017446
0 0.710480 0.445042 0.010365 0.009804
0 0.566321 0.444271 0.011327 0.008548
0 0.924857 0.418703 0.031840 0.018521
0 0.285313 0.449181 0.007758 0.008946
0 0.505859 0.869444 0.013281 0.027778
0 0.498828 0.952083 0.008594 0.026389
0 0.862500 0.424306 0.007812 0.012500
