0 0.952566 0.451277 0.012221 0.012149
0 0.558376 0.442332 0.008341 0.009392
0 0.208274 0.451719 0.009046 0.007764
0 0.997128 0.447542 0.005384 0.010242
0 0.810502 0.417561 0.007064 0.008472
0 0.948931 0.429292 0.010275 0.011823
0 0.332755 0.418251 0.008708 0.008411
0 0.627836 0.444524 0.010556 0.008101
0 0.906507 0.421337 0.008938 0.008357
0 0.565212 0.423458 0.008905 0.011538
0 0.971315 0.605883 0.006663 0.013040
0 0.606641 0.709028 0.013281 0.020833
0 0.644531 0.718056 0.015625 0.016667
0 0.487500 0.060417 0.007812 0.020833
