0 0.792211 0.445449 0.011113 0.010683
0 0.645462 0.414317 0.008157 0.008756
0 0.330116 0.440705 0.007943 0.008533
0 0.040735 0.462091 0.020867 0.011001
0 0.745261 0.415680 0.008979 0.009242
0 0.948720 0.429657 0.009934 0.011804
0 0.360510 0.418668 0.006475 0.008175
0 0.376483 0.424908 0.010523 0.011209
0 0.250251 0.429807 0.009135 0.010964
0 0.163858 0.425119 0.008402 0.008622
0 0.968073 0.423775 0.009329 0.008326
0 0.721696 0.444671 0.008661 0.008685
0 0.228557 0.422793 0.007855 0.007618
0 0.867578 0.415972 0.028906 0.020833
0 0.501563 0.731944 0.009375 0.027778
0 0.546875 0.630556 0.014063 0.022222
0 0.467969 0.337500 0.007812 0.016667
0 0.361719 0.445833 0.009375 0.011111
