0 0.846978 0.446342 0.011147 0.010860
0 0.691495 0.414178 0.007657 0.008402
0 0.552485 0.641600 0.008151 0.014940
0 0.884865 0.427570 0.009512 0.013714
0 0.391334 0.439360 0.007870 0.008749
0 0.590807 0.414358 0.007413 0.008323
0 0.412735 0.446518 0.009284 0.009671
0 0.969390 0.604702 0.007059 0.013219
0 0.170963 0.424935 0.007906 0.009298
0 0.710776 0.444018 0.010883 0.009882
0 0.830078 0.411806 0.030469 0.018056
0 0.498047 0.654167 0.011719 0.025000
0 0.535156 0.598611 0.010937 0.022222
0 0.468359 0.404167 0.010156 0.019444
0 0.471094 0.199306 0.007812 0.015278
0 0.303125 0.420139 0.007812 0.015278
0 0.046875 0.483333 0.034375 0.022222
