0 0.638299 0.413460 0.008536 0.009803
0 0.902032 0.446892 0.009944 0.009632
0 0.820983 0.424018 0.009121 0.009071
0 0.535640 0.413305 0.007448 0.012110
0 0.247721 0.426442 0.010827 0.013269
0 0.829647 0.446004 0.009224 0.009629
0 0.447762 0.558640 0.006783 0.014923
0 0.129908 0.456973 0.018495 0.011669
0 0.767283 0.444882 0.010888 0.009216
0 0.498437 0.582639 0.009375 0.023611
0 0.527344 0.563194 0.010937 0.020833
0 0.791406 0.412500 0.026562 0.013889
0 0.467187 0.477778 0.006250 0.022222
0 0.471484 0.250000 0.005469 0.011111
0 0.085547 0.487500 0.032031 0.019444
