0 0.956012 0.449263 0.010922 0.009927
0 0.823798 0.445944 0.010470 0.011063
0 0.185599 0.428403 0.014082 0.013845
0 0.584208 0.413696 0.008024 0.008769
0 0.882637 0.447198 0.009640 0.008491
0 0.052804 0.435459 0.009033 0.014297
0 0.593721 0.422526 0.009527 0.009771
0 0.805139 0.422647 0.009332 0.008612
0 0.095324 0.453272 0.010597 0.009097
0 0.073615 0.461079 0.010952 0.009011
0 0.120163 0.485552 0.035460 0.018739
0 0.753516 0.410417 0.028906 0.023611
0 0.466406 0.565278 0.009375 0.022222
0 0.494141 0.519444 0.013281 0.025000
0 0.472266 0.306250 0.010156 0.018056
