0 0.718335 0.415114 0.008568 0.010241
0 0.916742 0.426125 0.008615 0.009597
0 0.819704 0.445640 0.010878 0.010843
0 0.361147 0.439949 0.008180 0.008487
0 0.344747 0.425203 0.008666 0.009600
0 0.941273 0.423673 0.010348 0.010457
0 0.135112 0.427393 0.008042 0.009005
0 0.745572 0.421813 0.007968 0.009265
0 0.331866 0.419653 0.007358 0.009342
0 0.386895 0.446823 0.008343 0.008503
0 0.969514 0.604869 0.006985 0.013127
0 0.850000 0.413889 0.028125 0.016667
0 0.499609 0.693056 0.010156 0.027778
0 0.467969 0.370833 0.006250 0.016667
0 0.538672 0.613889 0.010156 0.016667
