0 0.963041 0.447732 0.009295 0.009104
0 0.242315 0.452309 0.019275 0.010812
0 0.601568 0.437673 0.009329 0.009789
0 0.907859 0.447136 0.010566 0.009689
0 0.083751 0.438966 0.009498 0.010727
0 0.185511 0.449358 0.010639 0.010223
0 0.399181 0.417743 0.007100 0.008381
0 0.466797 0.719444 0.008594 0.022222
0 0.505469 0.940278 0.009375 0.022222
0 0.491797 0.434722 0.008594 0.019444
0 0.471484 0.404167 0.010156 0.016667
0 0.694141 0.408333 0.030469 0.016667
0 0.518359 0.470139 0.008594 0.018056
0 0.175781 0.478472 0.031250 0.009722
