0 0.935516 0.448679 0.010423 0.009972
0 0.989724 0.448935 0.008103 0.008864
0 0.371350 0.418883 0.007190 0.009244
0 0.214910 0.448041 0.010373 0.008863
0 0.631513 0.437275 0.007810 0.009071
0 0.049985 0.439859 0.009401 0.008024
0 0.983429 0.428208 0.009597 0.012303
0 0.628428 0.420204 0.007781 0.009083
0 0.263088 0.451982 0.016413 0.009660
0 0.466797 0.775694 0.008594 0.020833
0 0.491016 0.409722 0.008594 0.025000
0 0.675781 0.409028 0.025000 0.020833
0 0.471875 0.440972 0.007812 0.012500
0 0.503906 0.872917 0.010937 0.020833
0 0.190625 0.477778 0.034375 0.019444
