0 0.880230 0.446903 0.010020 0.010109
0 0.936150 0.448158 0.009155 0.009143
0 0.116838 0.436554 0.010002 0.010923
0 0.155707 0.451026 0.009789 0.008141
0 0.749718 0.420914 0.008868 0.009707
0 0.220593 0.452837 0.019751 0.010809
0 0.570760 0.438260 0.007890 0.009810
0 0.120459 0.459168 0.009409 0.008033
0 0.156250 0.477778 0.029687 0.016667
0 0.494141 0.465278 0.005469 0.016667
0 0.467187 0.666667 0.007812 0.027778
0 0.215234 0.600694 0.007031 0.015278
0 0.282422 0.509028 0.008594 0.012500
0 0.714844 0.410417 0.028125 0.020833
0 0.440234 0.495833 0.010156 0.019444
