0 0.309338 0.450876 0.019878 0.011482
0 0.990829 0.450264 0.009508 0.009866
0 0.927800 0.426173 0.008958 0.011928
0 0.273682 0.446349 0.010497 0.009252
0 0.066170 0.464072 0.009686 0.008507
0 0.316495 0.420259 0.006327 0.008384
0 0.271804 0.515500 0.008988 0.011004
0 0.012168 0.436453 0.007645 0.009415
0 0.638281 0.409722 0.029687 0.022222
0 0.501953 0.759028 0.011719 0.018056
0 0.466797 0.912500 0.007031 0.022222
0 0.472266 0.520139 0.008594 0.020833
0 0.488672 0.362500 0.010156 0.016667
0 0.512109 0.414583 0.010156 0.020833
0 0.472656 0.604861 0.007812 0.023611
0 0.435937 0.559722 0.007812 0.019444
