0 0.244227 0.446714 0.009340 0.008954
0 0.955046 0.426075 0.008824 0.009531
0 0.596438 0.420643 0.008349 0.009419
0 0.963500 0.448930 0.010696 0.009282
0 0.284421 0.451648 0.014739 0.010200
0 0.344012 0.420162 0.007647 0.009126
0 0.661876 0.436823 0.007699 0.009459
0 0.467187 0.840278 0.006250 0.022222
0 0.502734 0.816667 0.008594 0.022222
0 0.490234 0.386111 0.008594 0.016667
0 0.472656 0.479167 0.007812 0.016667
0 0.513672 0.437500 0.007031 0.016667
0 0.655469 0.409722 0.028125 0.016667
0 0.208594 0.478472 0.034375 0.018056
0 0.226562 0.570139 0.009375 0.018056
