0 0.983870 0.450177 0.010149 0.010162
0 0.125969 0.452024 0.011335 0.009266
0 0.539704 0.440872 0.010233 0.011485
0 0.851967 0.446553 0.010435 0.010461
0 0.909265 0.447201 0.008939 0.008717
0 0.197967 0.453595 0.020181 0.011675
0 0.159487 0.428096 0.007293 0.008766
0 0.558239 0.415459 0.010276 0.011778
0 0.777485 0.421120 0.009034 0.010070
0 0.733984 0.411806 0.033594 0.023611
0 0.493750 0.490972 0.010937 0.018056
0 0.467187 0.613194 0.007812 0.026389
0 0.139453 0.480556 0.033594 0.019444
0 0.097656 0.463194 0.012500 0.009722
0 0.441406 0.477778 0.009375 0.019444
