0 0.645001 0.436252 0.009361 0.009284
0 0.384252 0.418403 0.033146 0.017664
0 0.984224 0.448008 0.008315 0.008275
0 0.568810 0.420999 0.007828 0.009940
0 0.138563 0.437188 0.008951 0.010187
0 0.254530 0.424440 0.008071 0.010334
0 0.595622 0.443943 0.019136 0.009226
0 0.935847 0.417708 0.006898 0.007546
0 0.069364 0.435470 0.008986 0.009221
0 0.504297 0.903472 0.010156 0.015278
0 0.503906 0.925000 0.010937 0.013889
0 0.330469 0.751389 0.009375 0.011111
0 0.496875 0.210417 0.006250 0.009722
0 0.484766 0.290972 0.007031 0.009722
