0 0.774149 0.416564 0.010059 0.013558
0 0.817409 0.439312 0.010487 0.008812
0 0.267069 0.422723 0.032429 0.017684
0 0.236860 0.484291 0.010184 0.009267
0 0.403292 0.425443 0.009139 0.010995
0 0.892676 0.415791 0.008207 0.008786
0 0.355974 0.450129 0.009243 0.008582
0 0.728791 0.442322 0.018606 0.009766
0 0.626654 0.472405 0.008724 0.008639
0 0.698278 0.846309 0.010442 0.019971
0 0.874742 0.391391 0.010853 0.011734
0 0.569416 0.442816 0.008428 0.007702
0 0.489453 0.720833 0.008594 0.013889
0 0.497266 0.677778 0.008594 0.013889
0 0.497266 0.695139 0.010156 0.009722
0 0.460938 0.369444 0.009375 0.016667
